timestamp,ipSrc,ipDst,tcpPortSrc,tcpPortDst,udpPortSrc,udpPortDst,tcpLen,udpLen,payloadProtocolNumber
1584694042.579912,10.10.0.10,173.194.163.76,,,40826,443,0,1358,17
1584694042.585459,173.194.163.76,10.10.0.10,,,443,40826,0,1358,17
1584694042.5884285,10.10.0.10,173.194.163.76,,,40826,443,0,1358,17
1584694042.59376,173.194.163.76,10.10.0.10,,,443,40826,0,1358,17
1584694042.595527,10.10.0.10,173.194.163.76,,,40826,443,0,36,17
1584694042.5960195,10.10.0.10,173.194.163.76,,,40826,443,0,849,17
1584694042.596533,10.10.0.10,173.194.163.76,,,40826,443,0,716,17
1584694042.596559,10.10.0.10,173.194.163.76,,,40826,443,0,48,17
1584694042.596778,10.10.0.10,173.194.163.76,,,40826,443,0,48,17
1584694042.600856,173.194.163.76,10.10.0.10,,,443,40826,0,28,17
1584694042.640873,173.194.163.76,10.10.0.10,,,443,40826,0,372,17
1584694042.6409054,173.194.163.76,10.10.0.10,,,443,40826,0,872,17
1584694042.6409268,173.194.163.76,10.10.0.10,,,443,40826,0,26,17
1584694042.6430268,10.10.0.10,173.194.163.76,,,40826,443,0,36,17
1584694042.6627822,10.10.0.10,173.194.163.76,,,40826,443,0,726,17
1584694042.662808,10.10.0.10,173.194.163.76,,,40826,443,0,48,17
1584694042.664793,173.194.163.76,10.10.0.10,,,443,40826,0,68,17
1584694042.664824,173.194.163.76,10.10.0.10,,,443,40826,0,597,17
1584694042.6648452,173.194.163.76,10.10.0.10,,,443,40826,0,26,17
1584694042.6664,10.10.0.10,173.194.163.76,,,40826,443,0,36,17
1584694042.667095,173.194.163.76,10.10.0.10,,,443,40826,0,28,17
1584694042.668273,173.194.163.76,10.10.0.10,,,443,40826,0,1358,17
1584694042.6683078,173.194.163.76,10.10.0.10,,,443,40826,0,1358,17
1584694042.669922,10.10.0.10,173.194.163.76,,,40826,443,0,36,17
1584694042.674401,173.194.163.76,10.10.0.10,,,443,40826,0,1358,17
1584694042.6761491,10.10.0.10,173.194.163.76,,,40826,443,0,36,17
1584694042.680945,173.194.163.76,10.10.0.10,,,443,40826,0,1358,17
1584694042.6874962,173.194.163.76,10.10.0.10,,,443,40826,0,1358,17
1584694042.6892762,10.10.0.10,173.194.163.76,,,40826,443,0,36,17
1584694042.694061,173.194.163.76,10.10.0.10,,,443,40826,0,1358,17
1584694042.700595,173.194.163.76,10.10.0.10,,,443,40826,0,1358,17
1584694042.70228,10.10.0.10,173.194.163.76,,,40826,443,0,36,17
1584694042.703152,10.10.0.10,173.194.163.76,,,40826,443,0,722,17
1584694042.7044,10.10.0.10,173.194.163.76,,,40826,443,0,48,17
1584694042.707148,173.194.163.76,10.10.0.10,,,443,40826,0,1358,17
1584694042.7136981,173.194.163.76,10.10.0.10,,,443,40826,0,1358,17
1584694042.715398,10.10.0.10,173.194.163.76,,,40826,443,0,36,17
1584694042.720246,173.194.163.76,10.10.0.10,,,443,40826,0,1358,17
1584694042.722673,10.10.0.10,173.194.163.76,,,40826,443,0,728,17
1584694042.7268188,173.194.163.76,10.10.0.10,,,443,40826,0,1358,17
1584694042.733349,173.194.163.76,10.10.0.10,,,443,40826,0,1358,17
1584694042.7351706,10.10.0.10,173.194.163.76,,,40826,443,0,36,17
1584694042.736032,10.10.0.10,173.194.163.76,,,40826,443,0,48,17
1584694042.739899,173.194.163.76,10.10.0.10,,,443,40826,0,1358,17
1584694042.746448,173.194.163.76,10.10.0.10,,,443,40826,0,1358,17
1584694042.748167,10.10.0.10,173.194.163.76,,,40826,443,0,36,17
1584694042.753001,173.194.163.76,10.10.0.10,,,443,40826,0,1358,17
1584694042.75955,173.194.163.76,10.10.0.10,,,443,40826,0,1358,17
1584694042.7610428,10.10.0.10,173.194.163.76,,,40826,443,0,36,17
1584694042.766113,173.194.163.76,10.10.0.10,,,443,40826,0,1358,17
1584694042.77265,173.194.163.76,10.10.0.10,,,443,40826,0,1358,17
1584694042.7740214,10.10.0.10,173.194.163.76,,,40826,443,0,36,17
1584694042.779202,173.194.163.76,10.10.0.10,,,443,40826,0,1358,17
1584694042.785757,173.194.163.76,10.10.0.10,,,443,40826,0,1358,17
1584694042.7871482,10.10.0.10,173.194.163.76,,,40826,443,0,36,17
1584694042.79231,173.194.163.76,10.10.0.10,,,443,40826,0,1358,17
1584694042.79886,173.194.163.76,10.10.0.10,,,443,40826,0,1358,17
1584694042.8004222,10.10.0.10,173.194.163.76,,,40826,443,0,36,17
1584694042.805413,173.194.163.76,10.10.0.10,,,443,40826,0,1358,17
1584694042.8119645,173.194.163.76,10.10.0.10,,,443,40826,0,1358,17
1584694042.8140442,10.10.0.10,173.194.163.76,,,40826,443,0,36,17
1584694042.818795,173.194.163.76,10.10.0.10,,,443,40826,0,1358,17
1584694042.825353,173.194.163.76,10.10.0.10,,,443,40826,0,1358,17
1584694042.8268962,10.10.0.10,173.194.163.76,,,40826,443,0,36,17
1584694042.831903,173.194.163.76,10.10.0.10,,,443,40826,0,1358,17
1584694042.8384528,173.194.163.76,10.10.0.10,,,443,40826,0,1358,17
1584694042.8404212,10.10.0.10,173.194.163.76,,,40826,443,0,36,17
1584694042.844999,173.194.163.76,10.10.0.10,,,443,40826,0,1358,17
1584694042.851568,173.194.163.76,10.10.0.10,,,443,40826,0,1358,17
1584694042.8532908,10.10.0.10,173.194.163.76,,,40826,443,0,36,17
1584694042.8581069,173.194.163.76,10.10.0.10,,,443,40826,0,1358,17
1584694042.8646598,173.194.163.76,10.10.0.10,,,443,40826,0,1358,17
1584694042.866395,10.10.0.10,173.194.163.76,,,40826,443,0,36,17
1584694042.871207,173.194.163.76,10.10.0.10,,,443,40826,0,1358,17
1584694042.877759,173.194.163.76,10.10.0.10,,,443,40826,0,1358,17
1584694042.8795419,10.10.0.10,173.194.163.76,,,40826,443,0,36,17
1584694042.8843172,173.194.163.76,10.10.0.10,,,443,40826,0,1358,17
1584694042.890878,173.194.163.76,10.10.0.10,,,443,40826,0,1358,17
1584694042.8931642,10.10.0.10,173.194.163.76,,,40826,443,0,36,17
1584694042.89741,173.194.163.76,10.10.0.10,,,443,40826,0,1358,17
1584694042.903962,173.194.163.76,10.10.0.10,,,443,40826,0,1358,17
1584694042.9058044,10.10.0.10,173.194.163.76,,,40826,443,0,36,17
1584694042.910512,173.194.163.76,10.10.0.10,,,443,40826,0,1358,17
1584694042.9170682,173.194.163.76,10.10.0.10,,,443,40826,0,1358,17
1584694042.9187891,10.10.0.10,173.194.163.76,,,40826,443,0,36,17
1584694042.923608,173.194.163.76,10.10.0.10,,,443,40826,0,1358,17
1584694042.9301634,173.194.163.76,10.10.0.10,,,443,40826,0,1358,17
1584694042.9318874,10.10.0.10,173.194.163.76,,,40826,443,0,36,17
1584694042.936716,173.194.163.76,10.10.0.10,,,443,40826,0,1358,17
1584694042.9388962,10.10.0.10,173.194.163.76,,,40826,443,0,728,17
1584694042.9389222,10.10.0.10,173.194.163.76,,,40826,443,0,48,17
1584694042.943264,173.194.163.76,10.10.0.10,,,443,40826,0,1358,17
1584694042.949815,173.194.163.76,10.10.0.10,,,443,40826,0,1358,17
1584694042.951385,10.10.0.10,173.194.163.76,,,40826,443,0,36,17
1584694042.956376,173.194.163.76,10.10.0.10,,,443,40826,0,1358,17
1584694042.9629366,173.194.163.76,10.10.0.10,,,443,40826,0,1358,17
1584694042.964646,10.10.0.10,173.194.163.76,,,40826,443,0,36,17
1584694042.969466,173.194.163.76,10.10.0.10,,,443,40826,0,1358,17
1584694042.976017,173.194.163.76,10.10.0.10,,,443,40826,0,1358,17
1584694042.9777732,10.10.0.10,173.194.163.76,,,40826,443,0,36,17
1584694042.983215,173.194.163.76,10.10.0.10,,,443,40826,0,1358,17
1584694042.989774,173.194.163.76,10.10.0.10,,,443,40826,0,1358,17
1584694042.9915366,10.10.0.10,173.194.163.76,,,40826,443,0,36,17
1584694042.9963179,173.194.163.76,10.10.0.10,,,443,40826,0,1358,17
1584694043.0028749,173.194.163.76,10.10.0.10,,,443,40826,0,1358,17
1584694043.004518,10.10.0.10,173.194.163.76,,,40826,443,0,36,17
1584694043.009436,173.194.163.76,10.10.0.10,,,443,40826,0,28,17
1584694043.009728,173.194.163.76,10.10.0.10,,,443,40826,0,1358,17
1584694043.016263,173.194.163.76,10.10.0.10,,,443,40826,0,1358,17
1584694043.0185359,10.10.0.10,173.194.163.76,,,40826,443,0,36,17
1584694043.0228212,173.194.163.76,10.10.0.10,,,443,40826,0,1358,17
1584694043.0293732,173.194.163.76,10.10.0.10,,,443,40826,0,1358,17
1584694043.031163,10.10.0.10,173.194.163.76,,,40826,443,0,36,17
1584694043.035918,173.194.163.76,10.10.0.10,,,443,40826,0,1358,17
1584694043.0424678,173.194.163.76,10.10.0.10,,,443,40826,0,1358,17
1584694043.0441608,10.10.0.10,173.194.163.76,,,40826,443,0,36,17
1584694043.049015,173.194.163.76,10.10.0.10,,,443,40826,0,1358,17
1584694043.05557,173.194.163.76,10.10.0.10,,,443,40826,0,1358,17
1584694043.0571392,10.10.0.10,173.194.163.76,,,40826,443,0,36,17
1584694043.0621223,173.194.163.76,10.10.0.10,,,443,40826,0,1358,17
1584694043.068684,173.194.163.76,10.10.0.10,,,443,40826,0,1358,17
1584694043.070143,10.10.0.10,173.194.163.76,,,40826,443,0,36,17
1584694043.075221,173.194.163.76,10.10.0.10,,,443,40826,0,1358,17
1584694043.081773,173.194.163.76,10.10.0.10,,,443,40826,0,1358,17
1584694043.083283,10.10.0.10,173.194.163.76,,,40826,443,0,36,17
1584694043.08832,173.194.163.76,10.10.0.10,,,443,40826,0,1358,17
1584694043.094873,173.194.163.76,10.10.0.10,,,443,40826,0,1358,17
1584694043.09666,10.10.0.10,173.194.163.76,,,40826,443,0,36,17
1584694043.101441,173.194.163.76,10.10.0.10,,,443,40826,0,1358,17
1584694043.107974,173.194.163.76,10.10.0.10,,,443,40826,0,1358,17
1584694043.110287,10.10.0.10,173.194.163.76,,,40826,443,0,36,17
1584694043.114527,173.194.163.76,10.10.0.10,,,443,40826,0,1358,17
1584694043.121071,173.194.163.76,10.10.0.10,,,443,40826,0,1358,17
1584694043.1226606,10.10.0.10,173.194.163.76,,,40826,443,0,36,17
1584694043.128007,173.194.163.76,10.10.0.10,,,443,40826,0,1358,17
1584694043.1345599,173.194.163.76,10.10.0.10,,,443,40826,0,1358,17
1584694043.136264,10.10.0.10,173.194.163.76,,,40826,443,0,36,17
1584694043.1411052,173.194.163.76,10.10.0.10,,,443,40826,0,1358,17
1584694043.14768,173.194.163.76,10.10.0.10,,,443,40826,0,1358,17
1584694043.1492622,10.10.0.10,173.194.163.76,,,40826,443,0,36,17
1584694043.1542099,173.194.163.76,10.10.0.10,,,443,40826,0,1358,17
1584694043.16076,173.194.163.76,10.10.0.10,,,443,40826,0,1358,17
1584694043.162267,10.10.0.10,173.194.163.76,,,40826,443,0,39,17
1584694043.1673124,173.194.163.76,10.10.0.10,,,443,40826,0,1358,17
1584694043.168892,10.10.0.10,173.194.163.76,,,40826,443,0,39,17
1584694043.1738696,173.194.163.76,10.10.0.10,,,443,40826,0,1358,17
1584694043.175778,10.10.0.10,173.194.163.76,,,40826,443,0,36,17
1584694043.180432,173.194.163.76,10.10.0.10,,,443,40826,0,1358,17
1584694043.1869652,173.194.163.76,10.10.0.10,,,443,40826,0,1358,17
1584694043.188657,10.10.0.10,173.194.163.76,,,40826,443,0,49,17
1584694043.193514,173.194.163.76,10.10.0.10,,,443,40826,0,1358,17
1584694043.200059,173.194.163.76,10.10.0.10,,,443,40826,0,1358,17
1584694043.201907,10.10.0.10,173.194.163.76,,,40826,443,0,36,17
1584694043.206609,173.194.163.76,10.10.0.10,,,443,40826,0,1358,17
1584694043.2131839,173.194.163.76,10.10.0.10,,,443,40826,0,1358,17
1584694043.214905,10.10.0.10,173.194.163.76,,,40826,443,0,36,17
1584694043.2197108,173.194.163.76,10.10.0.10,,,443,40826,0,1358,17
1584694043.226265,173.194.163.76,10.10.0.10,,,443,40826,0,1358,17
1584694043.230011,10.10.0.10,173.194.163.76,,,40826,443,0,36,17
1584694043.233113,173.194.163.76,10.10.0.10,,,443,40826,0,1358,17
1584694043.239666,173.194.163.76,10.10.0.10,,,443,40826,0,1358,17
1584694043.241369,10.10.0.10,173.194.163.76,,,40826,443,0,36,17
1584694043.2462132,173.194.163.76,10.10.0.10,,,443,40826,0,1358,17
1584694043.2527642,173.194.163.76,10.10.0.10,,,443,40826,0,1358,17
1584694043.2543645,10.10.0.10,173.194.163.76,,,40826,443,0,36,17
1584694043.2593172,173.194.163.76,10.10.0.10,,,443,40826,0,1358,17
1584694043.2658648,173.194.163.76,10.10.0.10,,,443,40826,0,1358,17
1584694043.26736,10.10.0.10,173.194.163.76,,,40826,443,0,36,17
1584694043.272414,173.194.163.76,10.10.0.10,,,443,40826,0,1358,17
1584694043.2789636,173.194.163.76,10.10.0.10,,,443,40826,0,1358,17
1584694043.2810292,10.10.0.10,173.194.163.76,,,40826,443,0,36,17
1584694043.2855198,173.194.163.76,10.10.0.10,,,443,40826,0,1358,17
1584694043.2920694,173.194.163.76,10.10.0.10,,,443,40826,0,1358,17
1584694043.2936282,10.10.0.10,173.194.163.76,,,40826,443,0,36,17
1584694043.298623,173.194.163.76,10.10.0.10,,,443,40826,0,1358,17
1584694043.305178,173.194.163.76,10.10.0.10,,,443,40826,0,1358,17
1584694043.306778,10.10.0.10,173.194.163.76,,,40826,443,0,36,17
1584694043.3117206,173.194.163.76,10.10.0.10,,,443,40826,0,1358,17
1584694043.318276,173.194.163.76,10.10.0.10,,,443,40826,0,1358,17
1584694043.319885,10.10.0.10,173.194.163.76,,,40826,443,0,36,17
1584694043.324827,173.194.163.76,10.10.0.10,,,443,40826,0,1358,17
1584694043.331377,173.194.163.76,10.10.0.10,,,443,40826,0,1358,17
1584694043.3331325,10.10.0.10,173.194.163.76,,,40826,443,0,36,17
1584694043.3379226,173.194.163.76,10.10.0.10,,,443,40826,0,1358,17
1584694043.3444762,173.194.163.76,10.10.0.10,,,443,40826,0,1358,17
1584694043.345985,10.10.0.10,173.194.163.76,,,40826,443,0,36,17
1584694043.3510249,173.194.163.76,10.10.0.10,,,443,40826,0,1358,17
1584694043.357582,173.194.163.76,10.10.0.10,,,443,40826,0,1358,17
1584694043.3601332,10.10.0.10,173.194.163.76,,,40826,443,0,36,17
1584694043.364126,173.194.163.76,10.10.0.10,,,443,40826,0,1358,17
1584694043.37068,173.194.163.76,10.10.0.10,,,443,40826,0,1358,17
1584694043.3733811,10.10.0.10,173.194.163.76,,,40826,443,0,36,17
1584694043.3772418,173.194.163.76,10.10.0.10,,,443,40826,0,1358,17
1584694043.3837798,173.194.163.76,10.10.0.10,,,443,40826,0,1358,17
1584694043.38525,10.10.0.10,173.194.163.76,,,40826,443,0,36,17
1584694043.390329,173.194.163.76,10.10.0.10,,,443,40826,0,1358,17
1584694043.3968801,173.194.163.76,10.10.0.10,,,443,40826,0,1358,17
1584694043.39839,10.10.0.10,173.194.163.76,,,40826,443,0,36,17
1584694043.4034328,173.194.163.76,10.10.0.10,,,443,40826,0,1358,17
1584694043.4099786,173.194.163.76,10.10.0.10,,,443,40826,0,1358,17
1584694043.411624,10.10.0.10,173.194.163.76,,,40826,443,0,36,17
1584694043.4165318,173.194.163.76,10.10.0.10,,,443,40826,0,1358,17
1584694043.42309,173.194.163.76,10.10.0.10,,,443,40826,0,1358,17
1584694043.4255939,10.10.0.10,173.194.163.76,,,40826,443,0,36,17
1584694043.4296286,173.194.163.76,10.10.0.10,,,443,40826,0,1358,17
1584694043.436192,173.194.163.76,10.10.0.10,,,443,40826,0,1358,17
1584694043.4378989,10.10.0.10,173.194.163.76,,,40826,443,0,36,17
1584694043.4427366,173.194.163.76,10.10.0.10,,,443,40826,0,1358,17
1584694043.449301,173.194.163.76,10.10.0.10,,,443,40826,0,1358,17
1584694043.45088,10.10.0.10,173.194.163.76,,,40826,443,0,49,17
1584694043.455833,173.194.163.76,10.10.0.10,,,443,40826,0,1358,17
1584694043.462384,173.194.163.76,10.10.0.10,,,443,40826,0,1358,17
1584694043.464154,10.10.0.10,173.194.163.76,,,40826,443,0,36,17
1584694043.4689438,173.194.163.76,10.10.0.10,,,443,40826,0,1358,17
1584694043.4754891,173.194.163.76,10.10.0.10,,,443,40826,0,1358,17
1584694043.477272,10.10.0.10,173.194.163.76,,,40826,443,0,36,17
1584694043.4820359,173.194.163.76,10.10.0.10,,,443,40826,0,1358,17
1584694043.48859,173.194.163.76,10.10.0.10,,,443,40826,0,1358,17
1584694043.4902544,10.10.0.10,173.194.163.76,,,40826,443,0,36,17
1584694043.4951394,173.194.163.76,10.10.0.10,,,443,40826,0,1358,17
1584694043.501693,173.194.163.76,10.10.0.10,,,443,40826,0,1358,17
1584694043.503271,10.10.0.10,173.194.163.76,,,40826,443,0,36,17
1584694043.5082428,173.194.163.76,10.10.0.10,,,443,40826,0,1358,17
1584694043.5148,173.194.163.76,10.10.0.10,,,443,40826,0,1358,17
1584694043.516408,10.10.0.10,173.194.163.76,,,40826,443,0,36,17
1584694043.521359,173.194.163.76,10.10.0.10,,,443,40826,0,1358,17
1584694043.5278964,173.194.163.76,10.10.0.10,,,443,40826,0,1358,17
1584694043.5305223,10.10.0.10,173.194.163.76,,,40826,443,0,36,17
1584694043.534447,173.194.163.76,10.10.0.10,,,443,40826,0,1358,17
1584694043.540995,173.194.163.76,10.10.0.10,,,443,40826,0,1358,17
1584694043.542648,10.10.0.10,173.194.163.76,,,40826,443,0,36,17
1584694043.547549,173.194.163.76,10.10.0.10,,,443,40826,0,1358,17
1584694043.55411,173.194.163.76,10.10.0.10,,,443,40826,0,1358,17
1584694043.5555027,10.10.0.10,173.194.163.76,,,40826,443,0,36,17
1584694043.56067,173.194.163.76,10.10.0.10,,,443,40826,0,1358,17
1584694043.567483,173.194.163.76,10.10.0.10,,,443,40826,0,1358,17
1584694043.569,10.10.0.10,173.194.163.76,,,40826,443,0,36,17
1584694043.574048,173.194.163.76,10.10.0.10,,,443,40826,0,1358,17
1584694043.580605,173.194.163.76,10.10.0.10,,,443,40826,0,1358,17
1584694043.5824988,10.10.0.10,173.194.163.76,,,40826,443,0,36,17
1584694043.587137,173.194.163.76,10.10.0.10,,,443,40826,0,1358,17
1584694043.593692,173.194.163.76,10.10.0.10,,,443,40826,0,1358,17
1584694043.5953946,10.10.0.10,173.194.163.76,,,40826,443,0,36,17
1584694043.6002376,173.194.163.76,10.10.0.10,,,443,40826,0,1358,17
1584694043.6067972,173.194.163.76,10.10.0.10,,,443,40826,0,1358,17
1584694043.61052,10.10.0.10,173.194.163.76,,,40826,443,0,36,17
1584694043.613357,173.194.163.76,10.10.0.10,,,443,40826,0,1358,17
1584694043.619894,173.194.163.76,10.10.0.10,,,443,40826,0,1358,17
1584694043.6213741,10.10.0.10,173.194.163.76,,,40826,443,0,36,17
1584694043.6264448,173.194.163.76,10.10.0.10,,,443,40826,0,1358,17
1584694043.6329956,173.194.163.76,10.10.0.10,,,443,40826,0,1358,17
1584694043.6345012,10.10.0.10,173.194.163.76,,,40826,443,0,36,17
1584694043.6395464,173.194.163.76,10.10.0.10,,,443,40826,0,1358,17
1584694043.646095,173.194.163.76,10.10.0.10,,,443,40826,0,1358,17
1584694043.6477478,10.10.0.10,173.194.163.76,,,40826,443,0,36,17
1584694043.65266,173.194.163.76,10.10.0.10,,,443,40826,0,1358,17
1584694043.659483,173.194.163.76,10.10.0.10,,,443,40826,0,1358,17
1584694043.660872,10.10.0.10,173.194.163.76,,,40826,443,0,36,17
1584694043.666047,173.194.163.76,10.10.0.10,,,443,40826,0,1358,17
1584694043.672606,173.194.163.76,10.10.0.10,,,443,40826,0,1358,17
1584694043.674249,10.10.0.10,173.194.163.76,,,40826,443,0,36,17
1584694043.679137,173.194.163.76,10.10.0.10,,,443,40826,0,1358,17
1584694043.685693,173.194.163.76,10.10.0.10,,,443,40826,0,1358,17
1584694043.6871412,10.10.0.10,173.194.163.76,,,40826,443,0,36,17
1584694043.6922438,173.194.163.76,10.10.0.10,,,443,40826,0,1358,17
1584694043.6987948,173.194.163.76,10.10.0.10,,,443,40826,0,1358,17
1584694043.7003732,10.10.0.10,173.194.163.76,,,40826,443,0,36,17
1584694043.705357,173.194.163.76,10.10.0.10,,,443,40826,0,1358,17
1584694043.7119162,173.194.163.76,10.10.0.10,,,443,40826,0,1358,17
1584694043.714016,10.10.0.10,173.194.163.76,,,40826,443,0,49,17
1584694043.718442,173.194.163.76,10.10.0.10,,,443,40826,0,1358,17
1584694043.724995,173.194.163.76,10.10.0.10,,,443,40826,0,1358,17
1584694043.726508,10.10.0.10,173.194.163.76,,,40826,443,0,36,17
1584694043.7315464,173.194.163.76,10.10.0.10,,,443,40826,0,1358,17
1584694043.7381039,173.194.163.76,10.10.0.10,,,443,40826,0,1358,17
1584694043.744666,173.194.163.76,10.10.0.10,,,443,40826,0,1358,17
1584694043.751199,173.194.163.76,10.10.0.10,,,443,40826,0,1358,17
1584694043.75775,173.194.163.76,10.10.0.10,,,443,40826,0,1358,17
1584694043.7643,173.194.163.76,10.10.0.10,,,443,40826,0,1358,17
1584694043.765522,10.10.0.10,173.194.163.76,,,40826,443,0,36,17
1584694043.7675009,10.10.0.10,173.194.163.76,,,40826,443,0,36,17
1584694043.767745,10.10.0.10,173.194.163.76,,,40826,443,0,36,17
1584694043.770853,173.194.163.76,10.10.0.10,,,443,40826,0,1358,17
1584694043.777417,173.194.163.76,10.10.0.10,,,443,40826,0,1358,17
1584694043.7789948,10.10.0.10,173.194.163.76,,,40826,443,0,36,17
1584694043.7839482,173.194.163.76,10.10.0.10,,,443,40826,0,1358,17
1584694043.790504,173.194.163.76,10.10.0.10,,,443,40826,0,1358,17
1584694043.793017,10.10.0.10,173.194.163.76,,,40826,443,0,36,17
1584694043.7970538,173.194.163.76,10.10.0.10,,,443,40826,0,1358,17
1584694043.803609,173.194.163.76,10.10.0.10,,,443,40826,0,1358,17
1584694043.805374,10.10.0.10,173.194.163.76,,,40826,443,0,36,17
1584694043.8101492,173.194.163.76,10.10.0.10,,,443,40826,0,1358,17
1584694043.8167028,173.194.163.76,10.10.0.10,,,443,40826,0,1358,17
1584694043.8183591,10.10.0.10,173.194.163.76,,,40826,443,0,36,17
1584694043.8232508,173.194.163.76,10.10.0.10,,,443,40826,0,1358,17
1584694043.829806,173.194.163.76,10.10.0.10,,,443,40826,0,1358,17
1584694043.8315165,10.10.0.10,173.194.163.76,,,40826,443,0,36,17
1584694043.8363562,173.194.163.76,10.10.0.10,,,443,40826,0,1358,17
1584694043.8429186,173.194.163.76,10.10.0.10,,,443,40826,0,1358,17
1584694043.8447652,10.10.0.10,173.194.163.76,,,40826,443,0,36,17
1584694043.849456,173.194.163.76,10.10.0.10,,,443,40826,0,1358,17
1584694043.85629,173.194.163.76,10.10.0.10,,,443,40826,0,1358,17
1584694043.8577476,10.10.0.10,173.194.163.76,,,40826,443,0,36,17
1584694043.86285,173.194.163.76,10.10.0.10,,,443,40826,0,1358,17
1584694043.869414,173.194.163.76,10.10.0.10,,,443,40826,0,1358,17
1584694043.871138,10.10.0.10,173.194.163.76,,,40826,443,0,36,17
1584694043.8759458,173.194.163.76,10.10.0.10,,,443,40826,0,1358,17
1584694043.882503,173.194.163.76,10.10.0.10,,,443,40826,0,1358,17
1584694043.883971,10.10.0.10,173.194.163.76,,,40826,443,0,36,17
1584694043.8890526,173.194.163.76,10.10.0.10,,,443,40826,0,1358,17
1584694043.895603,173.194.163.76,10.10.0.10,,,443,40826,0,1358,17
1584694043.8973591,10.10.0.10,173.194.163.76,,,40826,443,0,36,17
1584694043.9021618,173.194.163.76,10.10.0.10,,,443,40826,0,1358,17
1584694043.908705,173.194.163.76,10.10.0.10,,,443,40826,0,1358,17
1584694043.91124,10.10.0.10,173.194.163.76,,,40826,443,0,36,17
1584694043.915255,173.194.163.76,10.10.0.10,,,443,40826,0,1358,17
1584694043.921808,173.194.163.76,10.10.0.10,,,443,40826,0,1358,17
1584694043.9239662,10.10.0.10,173.194.163.76,,,40826,443,0,36,17
1584694043.9283571,173.194.163.76,10.10.0.10,,,443,40826,0,1358,17
1584694043.934914,173.194.163.76,10.10.0.10,,,443,40826,0,1358,17
1584694043.9390259,10.10.0.10,173.194.163.76,,,40826,443,0,36,17
1584694043.941474,173.194.163.76,10.10.0.10,,,443,40826,0,1358,17
1584694043.9480062,173.194.163.76,10.10.0.10,,,443,40826,0,1358,17
1584694043.949616,10.10.0.10,173.194.163.76,,,40826,443,0,36,17
1584694043.954558,173.194.163.76,10.10.0.10,,,443,40826,0,1358,17
1584694043.9611108,173.194.163.76,10.10.0.10,,,443,40826,0,1358,17
1584694043.9628649,10.10.0.10,173.194.163.76,,,40826,443,0,36,17
1584694043.9676552,173.194.163.76,10.10.0.10,,,443,40826,0,1358,17
1584694043.9742222,173.194.163.76,10.10.0.10,,,443,40826,0,1358,17
1584694043.976134,10.10.0.10,173.194.163.76,,,40826,443,0,49,17
1584694043.980783,173.194.163.76,10.10.0.10,,,443,40826,0,1358,17
1584694043.987317,173.194.163.76,10.10.0.10,,,443,40826,0,1358,17
1584694043.993863,173.194.163.76,10.10.0.10,,,443,40826,0,1358,17
1584694043.995008,10.10.0.10,173.194.163.76,,,40826,443,0,36,17
1584694044.0004132,173.194.163.76,10.10.0.10,,,443,40826,0,1358,17
1584694044.002009,10.10.0.10,173.194.163.76,,,40826,443,0,36,17
1584694044.0069714,173.194.163.76,10.10.0.10,,,443,40826,0,1358,17
1584694044.013534,173.194.163.76,10.10.0.10,,,443,40826,0,1358,17
1584694044.015238,10.10.0.10,173.194.163.76,,,40826,443,0,36,17
1584694044.0200589,173.194.163.76,10.10.0.10,,,443,40826,0,1358,17
1584694044.0266151,173.194.163.76,10.10.0.10,,,443,40826,0,1358,17
1584694044.028326,10.10.0.10,173.194.163.76,,,40826,443,0,36,17
1584694044.033161,173.194.163.76,10.10.0.10,,,443,40826,0,1358,17
1584694044.0397198,173.194.163.76,10.10.0.10,,,443,40826,0,1358,17
1584694044.0424864,10.10.0.10,173.194.163.76,,,40826,443,0,36,17
1584694044.0462818,173.194.163.76,10.10.0.10,,,443,40826,0,1358,17
1584694044.0528169,173.194.163.76,10.10.0.10,,,443,40826,0,1358,17
1584694044.0545,10.10.0.10,173.194.163.76,,,40826,443,0,36,17
1584694044.0593722,173.194.163.76,10.10.0.10,,,443,40826,0,1358,17
1584694044.065921,173.194.163.76,10.10.0.10,,,443,40826,0,1358,17
1584694044.067632,10.10.0.10,173.194.163.76,,,40826,443,0,36,17
1584694044.0724704,173.194.163.76,10.10.0.10,,,443,40826,0,1358,17
1584694044.079032,173.194.163.76,10.10.0.10,,,443,40826,0,1358,17
1584694044.0807366,10.10.0.10,173.194.163.76,,,40826,443,0,36,17
1584694044.085566,173.194.163.76,10.10.0.10,,,443,40826,0,1358,17
1584694044.0921226,173.194.163.76,10.10.0.10,,,443,40826,0,1358,17
1584694044.09411,10.10.0.10,173.194.163.76,,,40826,443,0,36,17
1584694044.0986722,173.194.163.76,10.10.0.10,,,443,40826,0,1358,17
1584694044.105223,173.194.163.76,10.10.0.10,,,443,40826,0,1358,17
1584694044.1069868,10.10.0.10,173.194.163.76,,,40826,443,0,36,17
1584694044.111784,173.194.163.76,10.10.0.10,,,443,40826,0,1358,17
1584694044.1183224,173.194.163.76,10.10.0.10,,,443,40826,0,1358,17
1584694044.119865,10.10.0.10,173.194.163.76,,,40826,443,0,36,17
1584694044.124874,173.194.163.76,10.10.0.10,,,443,40826,0,1358,17
1584694044.131425,173.194.163.76,10.10.0.10,,,443,40826,0,1358,17
1584694044.13311,10.10.0.10,173.194.163.76,,,40826,443,0,36,17
1584694044.137975,173.194.163.76,10.10.0.10,,,443,40826,0,1358,17
1584694044.1445332,173.194.163.76,10.10.0.10,,,443,40826,0,1358,17
1584694044.14624,10.10.0.10,173.194.163.76,,,40826,443,0,36,17
1584694044.151078,173.194.163.76,10.10.0.10,,,443,40826,0,1358,17
1584694044.1576269,173.194.163.76,10.10.0.10,,,443,40826,0,1358,17
1584694044.159968,10.10.0.10,173.194.163.76,,,40826,443,0,36,17
1584694044.164177,173.194.163.76,10.10.0.10,,,443,40826,0,1358,17
1584694044.170728,173.194.163.76,10.10.0.10,,,443,40826,0,1358,17
1584694044.1725092,10.10.0.10,173.194.163.76,,,40826,443,0,36,17
1584694044.1772828,173.194.163.76,10.10.0.10,,,443,40826,0,1358,17
1584694044.183842,173.194.163.76,10.10.0.10,,,443,40826,0,1358,17
1584694044.1855068,10.10.0.10,173.194.163.76,,,40826,443,0,36,17
1584694044.190378,173.194.163.76,10.10.0.10,,,443,40826,0,1358,17
1584694044.1969302,173.194.163.76,10.10.0.10,,,443,40826,0,1358,17
1584694044.1986108,10.10.0.10,173.194.163.76,,,40826,443,0,36,17
1584694044.2034776,173.194.163.76,10.10.0.10,,,443,40826,0,1358,17
1584694044.210031,173.194.163.76,10.10.0.10,,,443,40826,0,1358,17
1584694044.2117536,10.10.0.10,173.194.163.76,,,40826,443,0,36,17
1584694044.2165911,173.194.163.76,10.10.0.10,,,443,40826,0,1358,17
1584694044.223152,173.194.163.76,10.10.0.10,,,443,40826,0,1358,17
1584694044.224733,10.10.0.10,173.194.163.76,,,40826,443,0,36,17
1584694044.229682,173.194.163.76,10.10.0.10,,,443,40826,0,1358,17
1584694044.236234,173.194.163.76,10.10.0.10,,,443,40826,0,1358,17
1584694044.237981,10.10.0.10,173.194.163.76,,,40826,443,0,49,17
1584694044.242784,173.194.163.76,10.10.0.10,,,443,40826,0,1358,17
1584694044.2493384,173.194.163.76,10.10.0.10,,,443,40826,0,1358,17
1584694044.2508562,10.10.0.10,173.194.163.76,,,40826,443,0,36,17
1584694044.2559009,173.194.163.76,10.10.0.10,,,443,40826,0,1358,17
1584694044.262438,173.194.163.76,10.10.0.10,,,443,40826,0,1358,17
1584694044.264366,10.10.0.10,173.194.163.76,,,40826,443,0,37,17
1584694044.2689881,173.194.163.76,10.10.0.10,,,443,40826,0,1358,17
1584694044.275542,173.194.163.76,10.10.0.10,,,443,40826,0,1358,17
1584694044.277473,10.10.0.10,173.194.163.76,,,40826,443,0,37,17
1584694044.282088,173.194.163.76,10.10.0.10,,,443,40826,0,1358,17
1584694044.288658,173.194.163.76,10.10.0.10,,,443,40826,0,1358,17
1584694044.290344,10.10.0.10,173.194.163.76,,,40826,443,0,37,17
1584694044.295184,173.194.163.76,10.10.0.10,,,443,40826,0,1358,17
1584694044.301743,173.194.163.76,10.10.0.10,,,443,40826,0,1358,17
1584694044.3055005,10.10.0.10,173.194.163.76,,,40826,443,0,37,17
1584694044.3082852,173.194.163.76,10.10.0.10,,,443,40826,0,1358,17
1584694044.314841,173.194.163.76,10.10.0.10,,,443,40826,0,1358,17
1584694044.318116,10.10.0.10,173.194.163.76,,,40826,443,0,37,17
1584694044.3213859,173.194.163.76,10.10.0.10,,,443,40826,0,1358,17
1584694044.327942,173.194.163.76,10.10.0.10,,,443,40826,0,1358,17
1584694044.331001,10.10.0.10,173.194.163.76,,,40826,443,0,37,17
1584694044.334496,173.194.163.76,10.10.0.10,,,443,40826,0,1358,17
1584694044.3410392,173.194.163.76,10.10.0.10,,,443,40826,0,1358,17
1584694044.342978,10.10.0.10,173.194.163.76,,,40826,443,0,37,17
1584694044.34759,173.194.163.76,10.10.0.10,,,443,40826,0,1358,17
1584694044.354151,173.194.163.76,10.10.0.10,,,443,40826,0,1358,17
1584694044.3557332,10.10.0.10,173.194.163.76,,,40826,443,0,37,17
1584694044.3607109,173.194.163.76,10.10.0.10,,,443,40826,0,1358,17
1584694044.3672452,173.194.163.76,10.10.0.10,,,443,40826,0,1358,17
1584694044.368855,10.10.0.10,173.194.163.76,,,40826,443,0,37,17
1584694044.373792,173.194.163.76,10.10.0.10,,,443,40826,0,1358,17
1584694044.380343,173.194.163.76,10.10.0.10,,,443,40826,0,1358,17
1584694044.381998,10.10.0.10,173.194.163.76,,,40826,443,0,37,17
1584694044.386904,173.194.163.76,10.10.0.10,,,443,40826,0,1358,17
1584694044.3934612,173.194.163.76,10.10.0.10,,,443,40826,0,1358,17
1584694044.395227,10.10.0.10,173.194.163.76,,,40826,443,0,37,17
1584694044.399993,173.194.163.76,10.10.0.10,,,443,40826,0,1358,17
1584694044.4065492,173.194.163.76,10.10.0.10,,,443,40826,0,1358,17
1584694044.4082491,10.10.0.10,173.194.163.76,,,40826,443,0,37,17
1584694044.413095,173.194.163.76,10.10.0.10,,,443,40826,0,1358,17
1584694044.4196498,173.194.163.76,10.10.0.10,,,443,40826,0,1358,17
1584694044.421247,10.10.0.10,173.194.163.76,,,40826,443,0,37,17
1584694044.426209,173.194.163.76,10.10.0.10,,,443,40826,0,1358,17
1584694044.4327712,173.194.163.76,10.10.0.10,,,443,40826,0,1358,17
1584694044.4343412,10.10.0.10,173.194.163.76,,,40826,443,0,37,17
1584694044.439301,173.194.163.76,10.10.0.10,,,443,40826,0,1358,17
1584694044.445857,173.194.163.76,10.10.0.10,,,443,40826,0,1358,17
1584694044.447351,10.10.0.10,173.194.163.76,,,40826,443,0,37,17
1584694044.4524028,173.194.163.76,10.10.0.10,,,443,40826,0,1358,17
1584694044.458958,173.194.163.76,10.10.0.10,,,443,40826,0,1358,17
1584694044.460475,10.10.0.10,173.194.163.76,,,40826,443,0,37,17
1584694044.46552,173.194.163.76,10.10.0.10,,,443,40826,0,1358,17
1584694044.4720528,173.194.163.76,10.10.0.10,,,443,40826,0,1358,17
1584694044.47362,10.10.0.10,173.194.163.76,,,40826,443,0,37,17
1584694044.478606,173.194.163.76,10.10.0.10,,,443,40826,0,1358,17
1584694044.485157,173.194.163.76,10.10.0.10,,,443,40826,0,1358,17
1584694044.486599,10.10.0.10,173.194.163.76,,,40826,443,0,37,17
1584694044.4917085,173.194.163.76,10.10.0.10,,,443,40826,0,1358,17
1584694044.49827,173.194.163.76,10.10.0.10,,,443,40826,0,1358,17
1584694044.499727,10.10.0.10,173.194.163.76,,,40826,443,0,50,17
1584694044.504809,173.194.163.76,10.10.0.10,,,443,40826,0,1358,17
1584694044.51136,173.194.163.76,10.10.0.10,,,443,40826,0,1358,17
1584694044.5128508,10.10.0.10,173.194.163.76,,,40826,443,0,37,17
1584694044.517908,173.194.163.76,10.10.0.10,,,443,40826,0,1358,17
1584694044.524456,173.194.163.76,10.10.0.10,,,443,40826,0,1358,17
1584694044.526246,10.10.0.10,173.194.163.76,,,40826,443,0,37,17
1584694044.531021,173.194.163.76,10.10.0.10,,,443,40826,0,1358,17
1584694044.537562,173.194.163.76,10.10.0.10,,,443,40826,0,1358,17
1584694044.5393548,10.10.0.10,173.194.163.76,,,40826,443,0,37,17
1584694044.544112,173.194.163.76,10.10.0.10,,,443,40826,0,1358,17
1584694044.5506608,173.194.163.76,10.10.0.10,,,443,40826,0,1358,17
1584694044.5543482,10.10.0.10,173.194.163.76,,,40826,443,0,37,17
1584694044.557211,173.194.163.76,10.10.0.10,,,443,40826,0,1358,17
1584694044.5637698,173.194.163.76,10.10.0.10,,,443,40826,0,1358,17
1584694044.565349,10.10.0.10,173.194.163.76,,,40826,443,0,37,17
1584694044.5703304,173.194.163.76,10.10.0.10,,,443,40826,0,1358,17
1584694044.5768762,173.194.163.76,10.10.0.10,,,443,40826,0,1358,17
1584694044.578491,10.10.0.10,173.194.163.76,,,40826,443,0,37,17
1584694044.583414,173.194.163.76,10.10.0.10,,,443,40826,0,1358,17
1584694044.589966,173.194.163.76,10.10.0.10,,,443,40826,0,1358,17
1584694044.5914738,10.10.0.10,173.194.163.76,,,40826,443,0,37,17
1584694044.5965226,173.194.163.76,10.10.0.10,,,443,40826,0,1358,17
1584694044.60308,173.194.163.76,10.10.0.10,,,443,40826,0,1358,17
1584694044.604478,10.10.0.10,173.194.163.76,,,40826,443,0,37,17
1584694044.609616,173.194.163.76,10.10.0.10,,,443,40826,0,1358,17
1584694044.616167,173.194.163.76,10.10.0.10,,,443,40826,0,1358,17
1584694044.61799,10.10.0.10,173.194.163.76,,,40826,443,0,37,17
1584694044.6227179,173.194.163.76,10.10.0.10,,,443,40826,0,1358,17
1584694044.629268,173.194.163.76,10.10.0.10,,,443,40826,0,1358,17
1584694044.6308448,10.10.0.10,173.194.163.76,,,40826,443,0,37,17
1584694044.6358292,173.194.163.76,10.10.0.10,,,443,40826,0,1358,17
1584694044.6423712,173.194.163.76,10.10.0.10,,,443,40826,0,1358,17
1584694044.6439672,10.10.0.10,173.194.163.76,,,40826,443,0,37,17
1584694044.648921,173.194.163.76,10.10.0.10,,,443,40826,0,1358,17
1584694044.655472,173.194.163.76,10.10.0.10,,,443,40826,0,1358,17
1584694044.65722,10.10.0.10,173.194.163.76,,,40826,443,0,37,17
1584694044.662022,173.194.163.76,10.10.0.10,,,443,40826,0,1358,17
1584694044.668578,173.194.163.76,10.10.0.10,,,443,40826,0,1358,17
1584694044.670595,10.10.0.10,173.194.163.76,,,40826,443,0,37,17
1584694044.6751401,173.194.163.76,10.10.0.10,,,443,40826,0,1358,17
1584694044.681676,173.194.163.76,10.10.0.10,,,443,40826,0,1358,17
1584694044.683219,10.10.0.10,173.194.163.76,,,40826,443,0,37,17
1584694044.688225,173.194.163.76,10.10.0.10,,,443,40826,0,1358,17
1584694044.6947742,173.194.163.76,10.10.0.10,,,443,40826,0,1358,17
1584694044.6964898,10.10.0.10,173.194.163.76,,,40826,443,0,37,17
1584694044.7013268,173.194.163.76,10.10.0.10,,,443,40826,0,1358,17
1584694044.7078884,173.194.163.76,10.10.0.10,,,443,40826,0,1358,17
1584694044.710711,10.10.0.10,173.194.163.76,,,40826,443,0,37,17
1584694044.7144294,173.194.163.76,10.10.0.10,,,443,40826,0,1358,17
1584694044.720977,173.194.163.76,10.10.0.10,,,443,40826,0,1358,17
1584694044.7229679,10.10.0.10,173.194.163.76,,,40826,443,0,37,17
1584694044.72753,173.194.163.76,10.10.0.10,,,443,40826,0,1358,17
1584694044.7340784,173.194.163.76,10.10.0.10,,,443,40826,0,1358,17
1584694044.7358446,10.10.0.10,173.194.163.76,,,40826,443,0,37,17
1584694044.7406418,173.194.163.76,10.10.0.10,,,443,40826,0,1358,17
1584694044.7471812,173.194.163.76,10.10.0.10,,,443,40826,0,1358,17
1584694044.748859,10.10.0.10,173.194.163.76,,,40826,443,0,37,17
1584694044.7537339,173.194.163.76,10.10.0.10,,,443,40826,0,1358,17
1584694044.7602818,173.194.163.76,10.10.0.10,,,443,40826,0,1358,17
1584694044.761987,10.10.0.10,173.194.163.76,,,40826,443,0,50,17
1584694044.7668312,173.194.163.76,10.10.0.10,,,443,40826,0,1358,17
1584694044.773389,173.194.163.76,10.10.0.10,,,443,40826,0,1358,17
1584694044.775341,10.10.0.10,173.194.163.76,,,40826,443,0,37,17
1584694044.779957,173.194.163.76,10.10.0.10,,,443,40826,0,1358,17
1584694044.786482,173.194.163.76,10.10.0.10,,,443,40826,0,1358,17
1584694044.787984,10.10.0.10,173.194.163.76,,,40826,443,0,37,17
1584694044.7930331,173.194.163.76,10.10.0.10,,,443,40826,0,1358,17
1584694044.7995849,173.194.163.76,10.10.0.10,,,443,40826,0,1358,17
1584694044.801091,10.10.0.10,173.194.163.76,,,40826,443,0,37,17
1584694044.806138,173.194.163.76,10.10.0.10,,,443,40826,0,1358,17
1584694044.8126981,173.194.163.76,10.10.0.10,,,443,40826,0,1358,17
1584694044.8143392,10.10.0.10,173.194.163.76,,,40826,443,0,37,17
1584694044.8192358,173.194.163.76,10.10.0.10,,,443,40826,0,1358,17
1584694044.828769,173.194.163.76,10.10.0.10,,,443,40826,0,1358,17
1584694044.830344,10.10.0.10,173.194.163.76,,,40826,443,0,37,17
1584694044.83532,173.194.163.76,10.10.0.10,,,443,40826,0,1358,17
1584694044.842142,173.194.163.76,10.10.0.10,,,443,40826,0,1358,17
1584694044.843715,10.10.0.10,173.194.163.76,,,40826,443,0,37,17
1584694044.8487,173.194.163.76,10.10.0.10,,,443,40826,0,1358,17
1584694044.855263,173.194.163.76,10.10.0.10,,,443,40826,0,1358,17
1584694044.8571134,10.10.0.10,173.194.163.76,,,40826,443,0,37,17
1584694044.861801,173.194.163.76,10.10.0.10,,,443,40826,0,1358,17
1584694044.8751721,173.194.163.76,10.10.0.10,,,443,40826,0,29,17
1584694044.8824852,173.194.163.76,10.10.0.10,,,443,40826,0,28,17
1584694044.883152,173.194.163.76,10.10.0.10,,,443,40826,0,1358,17
1584694044.884584,10.10.0.10,173.194.163.76,,,40826,443,0,37,17
1584694044.889703,173.194.163.76,10.10.0.10,,,443,40826,0,1358,17
1584694044.898911,173.194.163.76,10.10.0.10,,,443,40826,0,1358,17
1584694044.900556,10.10.0.10,173.194.163.76,,,40826,443,0,37,17
1584694044.905458,173.194.163.76,10.10.0.10,,,443,40826,0,1358,17
1584694044.912016,173.194.163.76,10.10.0.10,,,443,40826,0,1358,17
1584694044.9135878,10.10.0.10,173.194.163.76,,,40826,443,0,37,17
1584694044.918571,173.194.163.76,10.10.0.10,,,443,40826,0,1358,17
1584694044.9316602,173.194.163.76,10.10.0.10,,,443,40826,0,1358,17
1584694044.9333384,10.10.0.10,173.194.163.76,,,40826,443,0,37,17
1584694044.93821,173.194.163.76,10.10.0.10,,,443,40826,0,1358,17
1584694044.9491005,173.194.163.76,10.10.0.10,,,443,40826,0,1358,17
1584694044.9541938,10.10.0.10,173.194.163.76,,,40826,443,0,37,17
1584694044.955644,173.194.163.76,10.10.0.10,,,443,40826,0,1358,17
1584694044.9651759,173.194.163.76,10.10.0.10,,,443,40826,0,1358,17
1584694044.9672098,10.10.0.10,173.194.163.76,,,40826,443,0,37,17
1584694044.971714,173.194.163.76,10.10.0.10,,,443,40826,0,1358,17
1584694044.978555,173.194.163.76,10.10.0.10,,,443,40826,0,1358,17
1584694044.983078,10.10.0.10,173.194.163.76,,,40826,443,0,37,17
1584694044.985114,173.194.163.76,10.10.0.10,,,443,40826,0,1358,17
1584694044.9919548,173.194.163.76,10.10.0.10,,,443,40826,0,1358,17
1584694044.993561,10.10.0.10,173.194.163.76,,,40826,443,0,37,17
1584694044.998501,173.194.163.76,10.10.0.10,,,443,40826,0,1358,17
1584694045.011616,173.194.163.76,10.10.0.10,,,443,40826,0,1358,17
1584694045.0132382,10.10.0.10,173.194.163.76,,,40826,443,0,37,17
1584694045.0181582,173.194.163.76,10.10.0.10,,,443,40826,0,1358,17
1584694045.025006,173.194.163.76,10.10.0.10,,,443,40826,0,1358,17
1584694045.031568,173.194.163.76,10.10.0.10,,,443,40826,0,1358,17
1584694045.0381172,173.194.163.76,10.10.0.10,,,443,40826,0,1358,17
1584694045.0446668,173.194.163.76,10.10.0.10,,,443,40826,0,1358,17
1584694045.047007,10.10.0.10,173.194.163.76,,,40826,443,0,37,17
1584694045.047592,10.10.0.10,173.194.163.76,,,40826,443,0,37,17
1584694045.0650668,173.194.163.76,10.10.0.10,,,443,40826,0,1358,17
1584694045.0693052,10.10.0.10,173.194.163.76,,,40826,443,0,37,17
1584694045.071609,173.194.163.76,10.10.0.10,,,443,40826,0,1358,17
1584694045.078159,173.194.163.76,10.10.0.10,,,443,40826,0,1358,17
1584694045.0796852,10.10.0.10,173.194.163.76,,,40826,443,0,50,17
1584694045.0847075,173.194.163.76,10.10.0.10,,,443,40826,0,1358,17
1584694045.0912569,173.194.163.76,10.10.0.10,,,443,40826,0,1358,17
1584694045.09359,10.10.0.10,173.194.163.76,,,40826,443,0,37,17
1584694045.0978081,173.194.163.76,10.10.0.10,,,443,40826,0,1358,17
1584694045.1043608,173.194.163.76,10.10.0.10,,,443,40826,0,1358,17
1584694045.1060688,10.10.0.10,173.194.163.76,,,40826,443,0,37,17
1584694045.110913,173.194.163.76,10.10.0.10,,,443,40826,0,1358,17
1584694045.1174588,173.194.163.76,10.10.0.10,,,443,40826,0,1358,17
1584694045.118937,10.10.0.10,173.194.163.76,,,40826,443,0,37,17
1584694045.124009,173.194.163.76,10.10.0.10,,,443,40826,0,1358,17
1584694045.1371126,173.194.163.76,10.10.0.10,,,443,40826,0,1358,17
1584694045.1393318,10.10.0.10,173.194.163.76,,,40826,443,0,37,17
1584694045.143661,173.194.163.76,10.10.0.10,,,443,40826,0,1358,17
1584694045.1546562,173.194.163.76,10.10.0.10,,,443,40826,0,1358,17
1584694045.15621,10.10.0.10,173.194.163.76,,,40826,443,0,37,17
1584694045.1612039,173.194.163.76,10.10.0.10,,,443,40826,0,1358,17
1584694045.1677651,173.194.163.76,10.10.0.10,,,443,40826,0,1358,17
1584694045.169559,10.10.0.10,173.194.163.76,,,40826,443,0,37,17
1584694045.1743171,173.194.163.76,10.10.0.10,,,443,40826,0,1358,17
1584694045.18086,173.194.163.76,10.10.0.10,,,443,40826,0,1358,17
1584694045.182704,10.10.0.10,173.194.163.76,,,40826,443,0,37,17
1584694045.1874142,173.194.163.76,10.10.0.10,,,443,40826,0,1358,17
1584694045.1939652,173.194.163.76,10.10.0.10,,,443,40826,0,1358,17
1584694045.1959732,10.10.0.10,173.194.163.76,,,40826,443,0,37,17
1584694045.200512,173.194.163.76,10.10.0.10,,,443,40826,0,1358,17
1584694045.2070668,173.194.163.76,10.10.0.10,,,443,40826,0,1358,17
1584694045.2087102,10.10.0.10,173.194.163.76,,,40826,443,0,37,17
1584694045.213629,173.194.163.76,10.10.0.10,,,443,40826,0,1358,17
1584694045.220165,173.194.163.76,10.10.0.10,,,443,40826,0,1358,17
1584694045.2215981,10.10.0.10,173.194.163.76,,,40826,443,0,37,17
1584694045.2267196,173.194.163.76,10.10.0.10,,,443,40826,0,1358,17
1584694045.2332678,173.194.163.76,10.10.0.10,,,443,40826,0,1358,17
1584694045.234849,10.10.0.10,173.194.163.76,,,40826,443,0,37,17
1584694045.2398221,173.194.163.76,10.10.0.10,,,443,40826,0,1358,17
1584694045.246376,173.194.163.76,10.10.0.10,,,443,40826,0,1358,17
1584694045.2479556,10.10.0.10,173.194.163.76,,,40826,443,0,37,17
1584694045.252916,173.194.163.76,10.10.0.10,,,443,40826,0,1358,17
1584694045.2594712,173.194.163.76,10.10.0.10,,,443,40826,0,1358,17
1584694045.262953,10.10.0.10,173.194.163.76,,,40826,443,0,37,17
1584694045.2660198,173.194.163.76,10.10.0.10,,,443,40826,0,1358,17
1584694045.2725732,173.194.163.76,10.10.0.10,,,443,40826,0,1358,17
1584694045.2746,10.10.0.10,173.194.163.76,,,40826,443,0,37,17
1584694045.2791214,173.194.163.76,10.10.0.10,,,443,40826,0,1358,17
1584694045.2856698,173.194.163.76,10.10.0.10,,,443,40826,0,1358,17
1584694045.287981,10.10.0.10,173.194.163.76,,,40826,443,0,37,17
1584694045.292218,173.194.163.76,10.10.0.10,,,443,40826,0,1358,17
1584694045.298775,173.194.163.76,10.10.0.10,,,443,40826,0,1358,17
1584694045.3004518,10.10.0.10,173.194.163.76,,,40826,443,0,37,17
1584694045.305324,173.194.163.76,10.10.0.10,,,443,40826,0,1358,17
1584694045.311877,173.194.163.76,10.10.0.10,,,443,40826,0,1358,17
1584694045.314222,10.10.0.10,173.194.163.76,,,40826,443,0,37,17
1584694045.318434,173.194.163.76,10.10.0.10,,,443,40826,0,1358,17
1584694045.3249972,173.194.163.76,10.10.0.10,,,443,40826,0,1358,17
1584694045.328597,10.10.0.10,173.194.163.76,,,40826,443,0,37,17
1584694045.331528,173.194.163.76,10.10.0.10,,,443,40826,0,1358,17
1584694045.3424973,173.194.163.76,10.10.0.10,,,443,40826,0,1358,17
1584694045.3487241,10.10.0.10,173.194.163.76,,,40826,443,0,37,17
1584694045.349039,173.194.163.76,10.10.0.10,,,443,40826,0,1358,17
1584694045.355593,173.194.163.76,10.10.0.10,,,443,40826,0,1358,17
1584694045.358093,10.10.0.10,173.194.163.76,,,40826,443,0,50,17
1584694045.3621476,173.194.163.76,10.10.0.10,,,443,40826,0,1358,17
1584694045.3686962,173.194.163.76,10.10.0.10,,,443,40826,0,1358,17
1584694045.3712,10.10.0.10,173.194.163.76,,,40826,443,0,37,17
1584694045.3752508,173.194.163.76,10.10.0.10,,,443,40826,0,1358,17
1584694045.381807,173.194.163.76,10.10.0.10,,,443,40826,0,1358,17
1584694045.383325,10.10.0.10,173.194.163.76,,,40826,443,0,37,17
1584694045.388371,173.194.163.76,10.10.0.10,,,443,40826,0,1358,17
1584694045.3948922,173.194.163.76,10.10.0.10,,,443,40826,0,1358,17
1584694045.39747,10.10.0.10,173.194.163.76,,,40826,443,0,37,17
1584694045.401447,173.194.163.76,10.10.0.10,,,443,40826,0,1358,17
1584694045.407993,173.194.163.76,10.10.0.10,,,443,40826,0,1358,17
1584694045.4094498,10.10.0.10,173.194.163.76,,,40826,443,0,37,17
1584694045.4145565,173.194.163.76,10.10.0.10,,,443,40826,0,1358,17
1584694045.421098,173.194.163.76,10.10.0.10,,,443,40826,0,1358,17
1584694045.422573,10.10.0.10,173.194.163.76,,,40826,443,0,37,17
1584694045.427649,173.194.163.76,10.10.0.10,,,443,40826,0,1358,17
1584694045.434201,173.194.163.76,10.10.0.10,,,443,40826,0,1358,17
1584694045.435843,10.10.0.10,173.194.163.76,,,40826,443,0,37,17
1584694045.440752,173.194.163.76,10.10.0.10,,,443,40826,0,1358,17
1584694045.4472964,173.194.163.76,10.10.0.10,,,443,40826,0,1358,17
1584694045.449095,10.10.0.10,173.194.163.76,,,40826,443,0,37,17
1584694045.4538472,173.194.163.76,10.10.0.10,,,443,40826,0,1358,17
1584694045.460419,173.194.163.76,10.10.0.10,,,443,40826,0,1358,17
1584694045.4622188,10.10.0.10,173.194.163.76,,,40826,443,0,37,17
1584694045.4669561,173.194.163.76,10.10.0.10,,,443,40826,0,1358,17
1584694045.473505,173.194.163.76,10.10.0.10,,,443,40826,0,1358,17
1584694045.476217,10.10.0.10,173.194.163.76,,,40826,443,0,37,17
1584694045.480056,173.194.163.76,10.10.0.10,,,443,40826,0,1358,17
1584694045.486619,173.194.163.76,10.10.0.10,,,443,40826,0,1358,17
1584694045.488311,10.10.0.10,173.194.163.76,,,40826,443,0,37,17
1584694045.4931571,173.194.163.76,10.10.0.10,,,443,40826,0,1358,17
1584694045.499705,173.194.163.76,10.10.0.10,,,443,40826,0,1358,17
1584694045.501467,10.10.0.10,173.194.163.76,,,40826,443,0,37,17
1584694045.506256,173.194.163.76,10.10.0.10,,,443,40826,0,1358,17
1584694045.512808,173.194.163.76,10.10.0.10,,,443,40826,0,1358,17
1584694045.5145662,10.10.0.10,173.194.163.76,,,40826,443,0,37,17
1584694045.519368,173.194.163.76,10.10.0.10,,,443,40826,0,1358,17
1584694045.5259078,173.194.163.76,10.10.0.10,,,443,40826,0,1358,17
1584694045.5275822,10.10.0.10,173.194.163.76,,,40826,443,0,37,17
1584694045.532455,173.194.163.76,10.10.0.10,,,443,40826,0,1358,17
1584694045.5390098,173.194.163.76,10.10.0.10,,,443,40826,0,1358,17
1584694045.5407162,10.10.0.10,173.194.163.76,,,40826,443,0,37,17
1584694045.545562,173.194.163.76,10.10.0.10,,,443,40826,0,1358,17
1584694045.5521116,173.194.163.76,10.10.0.10,,,443,40826,0,1358,17
1584694045.553819,10.10.0.10,173.194.163.76,,,40826,443,0,37,17
1584694045.5586786,173.194.163.76,10.10.0.10,,,443,40826,0,1358,17
1584694045.5652132,173.194.163.76,10.10.0.10,,,443,40826,0,1358,17
1584694045.5669706,10.10.0.10,173.194.163.76,,,40826,443,0,37,17
1584694045.5717616,173.194.163.76,10.10.0.10,,,443,40826,0,1358,17
1584694045.5783124,173.194.163.76,10.10.0.10,,,443,40826,0,1358,17
1584694045.5804439,10.10.0.10,173.194.163.76,,,40826,443,0,37,17
1584694045.5848658,173.194.163.76,10.10.0.10,,,443,40826,0,1358,17
1584694045.591426,173.194.163.76,10.10.0.10,,,443,40826,0,1358,17
1584694045.5931964,10.10.0.10,173.194.163.76,,,40826,443,0,37,17
1584694045.5979881,173.194.163.76,10.10.0.10,,,443,40826,0,1358,17
1584694045.6045148,173.194.163.76,10.10.0.10,,,443,40826,0,1358,17
1584694045.60669,10.10.0.10,173.194.163.76,,,40826,443,0,37,17
1584694045.611066,173.194.163.76,10.10.0.10,,,443,40826,0,1358,17
1584694045.6176178,173.194.163.76,10.10.0.10,,,443,40826,0,1358,17
1584694045.6194372,10.10.0.10,173.194.163.76,,,40826,443,0,50,17
1584694045.6241634,173.194.163.76,10.10.0.10,,,443,40826,0,1358,17
1584694045.630738,173.194.163.76,10.10.0.10,,,443,40826,0,1358,17
1584694045.632471,10.10.0.10,173.194.163.76,,,40826,443,0,37,17
1584694045.6372678,173.194.163.76,10.10.0.10,,,443,40826,0,1358,17
1584694045.643821,173.194.163.76,10.10.0.10,,,443,40826,0,1358,17
1584694045.645593,10.10.0.10,173.194.163.76,,,40826,443,0,37,17
1584694045.650367,173.194.163.76,10.10.0.10,,,443,40826,0,1358,17
1584694045.6569252,173.194.163.76,10.10.0.10,,,443,40826,0,1358,17
1584694045.658566,10.10.0.10,173.194.163.76,,,40826,443,0,37,17
1584694045.663486,173.194.163.76,10.10.0.10,,,443,40826,0,1358,17
1584694045.670023,173.194.163.76,10.10.0.10,,,443,40826,0,1358,17
1584694045.671839,10.10.0.10,173.194.163.76,,,40826,443,0,37,17
1584694045.676573,173.194.163.76,10.10.0.10,,,443,40826,0,1358,17
1584694045.683127,173.194.163.76,10.10.0.10,,,443,40826,0,1358,17
1584694045.684691,10.10.0.10,173.194.163.76,,,40826,443,0,37,17
1584694045.689672,173.194.163.76,10.10.0.10,,,443,40826,0,1358,17
1584694045.696238,173.194.163.76,10.10.0.10,,,443,40826,0,1358,17
1584694045.697942,10.10.0.10,173.194.163.76,,,40826,443,0,37,17
1584694045.702775,173.194.163.76,10.10.0.10,,,443,40826,0,1358,17
1584694045.709326,173.194.163.76,10.10.0.10,,,443,40826,0,1358,17
1584694045.7111876,10.10.0.10,173.194.163.76,,,40826,443,0,37,17
1584694045.715874,173.194.163.76,10.10.0.10,,,443,40826,0,1358,17
1584694045.722426,173.194.163.76,10.10.0.10,,,443,40826,0,1358,17
1584694045.724064,10.10.0.10,173.194.163.76,,,40826,443,0,37,17
1584694045.728987,173.194.163.76,10.10.0.10,,,443,40826,0,1358,17
1584694045.735528,173.194.163.76,10.10.0.10,,,443,40826,0,1358,17
1584694045.737315,10.10.0.10,173.194.163.76,,,40826,443,0,37,17
1584694045.7420778,173.194.163.76,10.10.0.10,,,443,40826,0,1358,17
1584694045.7486286,173.194.163.76,10.10.0.10,,,443,40826,0,1358,17
1584694045.750313,10.10.0.10,173.194.163.76,,,40826,443,0,37,17
1584694045.755179,173.194.163.76,10.10.0.10,,,443,40826,0,1358,17
1584694045.7617366,173.194.163.76,10.10.0.10,,,443,40826,0,1358,17
1584694045.763314,10.10.0.10,173.194.163.76,,,40826,443,0,37,17
1584694045.7682939,173.194.163.76,10.10.0.10,,,443,40826,0,1358,17
1584694045.774833,173.194.163.76,10.10.0.10,,,443,40826,0,1358,17
1584694045.776593,10.10.0.10,173.194.163.76,,,40826,443,0,37,17
1584694045.7813814,173.194.163.76,10.10.0.10,,,443,40826,0,1358,17
1584694045.787934,173.194.163.76,10.10.0.10,,,443,40826,0,1358,17
1584694045.789709,10.10.0.10,173.194.163.76,,,40826,443,0,37,17
1584694045.7944849,173.194.163.76,10.10.0.10,,,443,40826,0,1358,17
1584694045.8010461,173.194.163.76,10.10.0.10,,,443,40826,0,1358,17
1584694045.802565,10.10.0.10,173.194.163.76,,,40826,443,0,37,17
1584694045.807607,173.194.163.76,10.10.0.10,,,443,40826,0,1358,17
1584694045.8141296,173.194.163.76,10.10.0.10,,,443,40826,0,1358,17
1584694045.815953,10.10.0.10,173.194.163.76,,,40826,443,0,37,17
1584694045.8206818,173.194.163.76,10.10.0.10,,,443,40826,0,1358,17
1584694045.827238,173.194.163.76,10.10.0.10,,,443,40826,0,1358,17
1584694045.8293116,10.10.0.10,173.194.163.76,,,40826,443,0,37,17
1584694045.8337831,173.194.163.76,10.10.0.10,,,443,40826,0,1358,17
1584694045.8403401,173.194.163.76,10.10.0.10,,,443,40826,0,1358,17
1584694045.841927,10.10.0.10,173.194.163.76,,,40826,443,0,37,17
1584694045.84689,173.194.163.76,10.10.0.10,,,443,40826,0,1358,17
1584694045.8534374,173.194.163.76,10.10.0.10,,,443,40826,0,1358,17
1584694045.8553116,10.10.0.10,173.194.163.76,,,40826,443,0,37,17
1584694045.859984,173.194.163.76,10.10.0.10,,,443,40826,0,1358,17
1584694045.8665464,173.194.163.76,10.10.0.10,,,443,40826,0,1358,17
1584694045.8680675,10.10.0.10,173.194.163.76,,,40826,443,0,37,17
1584694045.873105,173.194.163.76,10.10.0.10,,,443,40826,0,1358,17
1584694045.879641,173.194.163.76,10.10.0.10,,,443,40826,0,1358,17
1584694045.881206,10.10.0.10,173.194.163.76,,,40826,443,0,50,17
1584694045.886192,173.194.163.76,10.10.0.10,,,443,40826,0,1358,17
1584694045.8927386,173.194.163.76,10.10.0.10,,,443,40826,0,1358,17
1584694045.896185,10.10.0.10,173.194.163.76,,,40826,443,0,37,17
1584694045.899287,173.194.163.76,10.10.0.10,,,443,40826,0,1358,17
1584694045.90586,173.194.163.76,10.10.0.10,,,443,40826,0,1358,17
1584694045.9074519,10.10.0.10,173.194.163.76,,,40826,443,0,37,17
1584694045.9123948,173.194.163.76,10.10.0.10,,,443,40826,0,1358,17
1584694045.9189448,173.194.163.76,10.10.0.10,,,443,40826,0,29,17
1584694045.9192321,173.194.163.76,10.10.0.10,,,443,40826,0,1358,17
1584694045.92056,10.10.0.10,173.194.163.76,,,40826,443,0,37,17
1584694045.9257882,173.194.163.76,10.10.0.10,,,443,40826,0,1358,17
1584694045.9323368,173.194.163.76,10.10.0.10,,,443,40826,0,1358,17
1584694045.9340801,10.10.0.10,173.194.163.76,,,40826,443,0,37,17
1584694045.938888,173.194.163.76,10.10.0.10,,,443,40826,0,1358,17
1584694045.9454448,173.194.163.76,10.10.0.10,,,443,40826,0,1358,17
1584694045.947579,10.10.0.10,173.194.163.76,,,40826,443,0,37,17
1584694045.9519901,173.194.163.76,10.10.0.10,,,443,40826,0,1358,17
1584694045.9585464,173.194.163.76,10.10.0.10,,,443,40826,0,1358,17
1584694045.960055,10.10.0.10,173.194.163.76,,,40826,443,0,37,17
1584694045.9650884,173.194.163.76,10.10.0.10,,,443,40826,0,1358,17
1584694045.9716446,173.194.163.76,10.10.0.10,,,443,40826,0,1358,17
1584694045.9734552,10.10.0.10,173.194.163.76,,,40826,443,0,37,17
1584694045.978197,173.194.163.76,10.10.0.10,,,443,40826,0,1358,17
1584694045.9847398,173.194.163.76,10.10.0.10,,,443,40826,0,1358,17
1584694045.987802,10.10.0.10,173.194.163.76,,,40826,443,0,37,17
1584694045.9912922,173.194.163.76,10.10.0.10,,,443,40826,0,1358,17
1584694045.9978454,173.194.163.76,10.10.0.10,,,443,40826,0,1358,17
1584694045.99944,10.10.0.10,173.194.163.76,,,40826,443,0,37,17
1584694046.00439,173.194.163.76,10.10.0.10,,,443,40826,0,1358,17
1584694046.01095,173.194.163.76,10.10.0.10,,,443,40826,0,1358,17
1584694046.012432,10.10.0.10,173.194.163.76,,,40826,443,0,37,17
1584694046.017496,173.194.163.76,10.10.0.10,,,443,40826,0,1358,17
1584694046.0240445,173.194.163.76,10.10.0.10,,,443,40826,0,1358,17
1584694046.0265589,10.10.0.10,173.194.163.76,,,40826,443,0,37,17
1584694046.0305939,173.194.163.76,10.10.0.10,,,443,40826,0,1358,17
1584694046.0371466,173.194.163.76,10.10.0.10,,,443,40826,0,1358,17
1584694046.038827,10.10.0.10,173.194.163.76,,,40826,443,0,37,17
1584694046.043711,173.194.163.76,10.10.0.10,,,443,40826,0,1358,17
1584694046.0502498,173.194.163.76,10.10.0.10,,,443,40826,0,1358,17
1584694046.05395,10.10.0.10,173.194.163.76,,,40826,443,0,37,17
1584694046.056804,173.194.163.76,10.10.0.10,,,443,40826,0,1358,17
1584694046.0633519,173.194.163.76,10.10.0.10,,,443,40826,0,1358,17
1584694046.065181,10.10.0.10,173.194.163.76,,,40826,443,0,37,17
1584694046.0699134,173.194.163.76,10.10.0.10,,,443,40826,0,1358,17
1584694046.076475,173.194.163.76,10.10.0.10,,,443,40826,0,1358,17
1584694046.078057,10.10.0.10,173.194.163.76,,,40826,443,0,37,17
1584694046.083001,173.194.163.76,10.10.0.10,,,443,40826,0,1358,17
1584694046.089552,173.194.163.76,10.10.0.10,,,443,40826,0,1358,17
1584694046.091048,10.10.0.10,173.194.163.76,,,40826,443,0,37,17
1584694046.0961,173.194.163.76,10.10.0.10,,,443,40826,0,1358,17
1584694046.10265,173.194.163.76,10.10.0.10,,,443,40826,0,1358,17
1584694046.104449,10.10.0.10,173.194.163.76,,,40826,443,0,37,17
1584694046.1092231,173.194.163.76,10.10.0.10,,,443,40826,0,1358,17
1584694046.1157598,173.194.163.76,10.10.0.10,,,443,40826,0,1358,17
1584694046.1173036,10.10.0.10,173.194.163.76,,,40826,443,0,37,17
1584694046.122306,173.194.163.76,10.10.0.10,,,443,40826,0,1358,17
1584694046.128855,173.194.163.76,10.10.0.10,,,443,40826,0,1358,17
1584694046.1303,10.10.0.10,173.194.163.76,,,40826,443,0,37,17
1584694046.1354039,173.194.163.76,10.10.0.10,,,443,40826,0,1358,17
1584694046.1419554,173.194.163.76,10.10.0.10,,,443,40826,0,1358,17
1584694046.1443038,10.10.0.10,173.194.163.76,,,40826,443,0,50,17
1584694046.148518,173.194.163.76,10.10.0.10,,,443,40826,0,1358,17
1584694046.1550598,173.194.163.76,10.10.0.10,,,443,40826,0,1358,17
1584694046.156678,10.10.0.10,173.194.163.76,,,40826,443,0,37,17
1584694046.1616125,173.194.163.76,10.10.0.10,,,443,40826,0,1358,17
1584694046.168158,173.194.163.76,10.10.0.10,,,443,40826,0,1358,17
1584694046.1696932,10.10.0.10,173.194.163.76,,,40826,443,0,37,17
1584694046.174714,173.194.163.76,10.10.0.10,,,443,40826,0,1358,17
1584694046.1812642,173.194.163.76,10.10.0.10,,,443,40826,0,1358,17
1584694046.182784,10.10.0.10,173.194.163.76,,,40826,443,0,37,17
1584694046.18781,173.194.163.76,10.10.0.10,,,443,40826,0,1358,17
1584694046.19436,173.194.163.76,10.10.0.10,,,443,40826,0,1358,17
1584694046.199063,10.10.0.10,173.194.163.76,,,40826,443,0,37,17
1584694046.200911,173.194.163.76,10.10.0.10,,,443,40826,0,1358,17
1584694046.207473,173.194.163.76,10.10.0.10,,,443,40826,0,1358,17
1584694046.209425,10.10.0.10,173.194.163.76,,,40826,443,0,37,17
1584694046.214031,173.194.163.76,10.10.0.10,,,443,40826,0,1358,17
1584694046.220582,173.194.163.76,10.10.0.10,,,443,40826,0,1358,17
1584694046.2223241,10.10.0.10,173.194.163.76,,,40826,443,0,37,17
1584694046.2271216,173.194.163.76,10.10.0.10,,,443,40826,0,1358,17
1584694046.233669,173.194.163.76,10.10.0.10,,,443,40826,0,1358,17
1584694046.2355714,10.10.0.10,173.194.163.76,,,40826,443,0,37,17
1584694046.240214,173.194.163.76,10.10.0.10,,,443,40826,0,1358,17
1584694046.246783,173.194.163.76,10.10.0.10,,,443,40826,0,1358,17
1584694046.2483182,10.10.0.10,173.194.163.76,,,40826,443,0,37,17
1584694046.253319,173.194.163.76,10.10.0.10,,,443,40826,0,1358,17
1584694046.259871,173.194.163.76,10.10.0.10,,,443,40826,0,1358,17
1584694046.262176,10.10.0.10,173.194.163.76,,,40826,443,0,37,17
1584694046.266421,173.194.163.76,10.10.0.10,,,443,40826,0,1358,17
1584694046.272973,173.194.163.76,10.10.0.10,,,443,40826,0,1358,17
1584694046.2745712,10.10.0.10,173.194.163.76,,,40826,443,0,37,17
1584694046.279518,173.194.163.76,10.10.0.10,,,443,40826,0,1358,17
1584694046.2860696,173.194.163.76,10.10.0.10,,,443,40826,0,1358,17
1584694046.28757,10.10.0.10,173.194.163.76,,,40826,443,0,37,17
1584694046.292624,173.194.163.76,10.10.0.10,,,443,40826,0,1358,17
1584694046.299174,173.194.163.76,10.10.0.10,,,443,40826,0,1358,17
1584694046.305725,173.194.163.76,10.10.0.10,,,443,40826,0,1358,17
1584694046.3122818,173.194.163.76,10.10.0.10,,,443,40826,0,1358,17
1584694046.3188438,173.194.163.76,10.10.0.10,,,443,40826,0,1358,17
1584694046.324448,10.10.0.10,173.194.163.76,,,40826,443,0,37,17
1584694046.325384,173.194.163.76,10.10.0.10,,,443,40826,0,1358,17
1584694046.3279223,10.10.0.10,173.194.163.76,,,40826,443,0,37,17
1584694046.328042,10.10.0.10,173.194.163.76,,,40826,443,0,37,17
1584694046.331928,173.194.163.76,10.10.0.10,,,443,40826,0,1358,17
1584694046.3384762,173.194.163.76,10.10.0.10,,,443,40826,0,1358,17
1584694046.340192,10.10.0.10,173.194.163.76,,,40826,443,0,37,17
1584694046.345031,173.194.163.76,10.10.0.10,,,443,40826,0,1358,17
1584694046.351592,173.194.163.76,10.10.0.10,,,443,40826,0,1358,17
1584694046.3539279,10.10.0.10,173.194.163.76,,,40826,443,0,37,17
1584694046.3581312,173.194.163.76,10.10.0.10,,,443,40826,0,1358,17
1584694046.36468,173.194.163.76,10.10.0.10,,,443,40826,0,1358,17
1584694046.366324,10.10.0.10,173.194.163.76,,,40826,443,0,37,17
1584694046.3712301,173.194.163.76,10.10.0.10,,,443,40826,0,1358,17
1584694046.3777812,173.194.163.76,10.10.0.10,,,443,40826,0,1358,17
1584694046.3809214,10.10.0.10,173.194.163.76,,,40826,443,0,37,17
1584694046.3843439,173.194.163.76,10.10.0.10,,,443,40826,0,1358,17
1584694046.390882,173.194.163.76,10.10.0.10,,,443,40826,0,682,17
1584694046.3921714,10.10.0.10,173.194.163.76,,,40826,443,0,37,17
1584694046.4075482,10.10.0.10,173.194.163.76,,,40826,443,0,725,17
1584694046.4075742,10.10.0.10,173.194.163.76,,,40826,443,0,48,17
1584694046.411817,173.194.163.76,10.10.0.10,,,443,40826,0,29,17
1584694046.4125538,173.194.163.76,10.10.0.10,,,443,40826,0,1358,17
1584694046.412589,173.194.163.76,10.10.0.10,,,443,40826,0,1358,17
1584694046.4146712,10.10.0.10,173.194.163.76,,,40826,443,0,37,17
1584694046.4181368,173.194.163.76,10.10.0.10,,,443,40826,0,1358,17
1584694046.424688,173.194.163.76,10.10.0.10,,,443,40826,0,1358,17
1584694046.4263198,10.10.0.10,173.194.163.76,,,40826,443,0,729,17
1584694046.4265478,10.10.0.10,173.194.163.76,,,40826,443,0,55,17
1584694046.4312372,173.194.163.76,10.10.0.10,,,443,40826,0,1358,17
1584694046.4377892,173.194.163.76,10.10.0.10,,,443,40826,0,1358,17
1584694046.439287,10.10.0.10,173.194.163.76,,,40826,443,0,37,17
1584694046.444333,173.194.163.76,10.10.0.10,,,443,40826,0,1358,17
1584694046.450902,173.194.163.76,10.10.0.10,,,443,40826,0,1358,17
1584694046.4524198,10.10.0.10,173.194.163.76,,,40826,443,0,37,17
1584694046.457434,173.194.163.76,10.10.0.10,,,443,40826,0,1358,17
1584694046.463993,173.194.163.76,10.10.0.10,,,443,40826,0,1358,17
1584694046.465793,10.10.0.10,173.194.163.76,,,40826,443,0,37,17
1584694046.4705431,173.194.163.76,10.10.0.10,,,443,40826,0,1358,17
1584694046.4770956,173.194.163.76,10.10.0.10,,,443,40826,0,1358,17
1584694046.478673,10.10.0.10,173.194.163.76,,,40826,443,0,37,17
1584694046.483636,173.194.163.76,10.10.0.10,,,443,40826,0,1358,17
1584694046.49019,173.194.163.76,10.10.0.10,,,443,40826,0,1358,17
1584694046.4919386,10.10.0.10,173.194.163.76,,,40826,443,0,37,17
1584694046.496744,173.194.163.76,10.10.0.10,,,443,40826,0,1358,17
1584694046.503292,173.194.163.76,10.10.0.10,,,443,40826,0,1358,17
1584694046.504919,10.10.0.10,173.194.163.76,,,40826,443,0,37,17
1584694046.509845,173.194.163.76,10.10.0.10,,,443,40826,0,1358,17
1584694046.5163894,173.194.163.76,10.10.0.10,,,443,40826,0,1358,17
1584694046.518063,10.10.0.10,173.194.163.76,,,40826,443,0,37,17
1584694046.5229561,173.194.163.76,10.10.0.10,,,443,40826,0,1358,17
1584694046.529495,173.194.163.76,10.10.0.10,,,443,40826,0,1358,17
1584694046.531416,10.10.0.10,173.194.163.76,,,40826,443,0,37,17
1584694046.536041,173.194.163.76,10.10.0.10,,,443,40826,0,1358,17
1584694046.542597,173.194.163.76,10.10.0.10,,,443,40826,0,1358,17
1584694046.5442915,10.10.0.10,173.194.163.76,,,40826,443,0,37,17
1584694046.549149,173.194.163.76,10.10.0.10,,,443,40826,0,1358,17
1584694046.555711,173.194.163.76,10.10.0.10,,,443,40826,0,1358,17
1584694046.5574374,10.10.0.10,173.194.163.76,,,40826,443,0,37,17
1584694046.562252,173.194.163.76,10.10.0.10,,,443,40826,0,1358,17
1584694046.5688038,173.194.163.76,10.10.0.10,,,443,40826,0,1358,17
1584694046.5711582,10.10.0.10,173.194.163.76,,,40826,443,0,37,17
1584694046.575349,173.194.163.76,10.10.0.10,,,443,40826,0,1358,17
1584694046.5819,173.194.163.76,10.10.0.10,,,443,40826,0,1358,17
1584694046.5836852,10.10.0.10,173.194.163.76,,,40826,443,0,37,17
1584694046.588463,173.194.163.76,10.10.0.10,,,443,40826,0,1358,17
1584694046.595002,173.194.163.76,10.10.0.10,,,443,40826,0,1358,17
1584694046.596793,10.10.0.10,173.194.163.76,,,40826,443,0,37,17
1584694046.601553,173.194.163.76,10.10.0.10,,,443,40826,0,1358,17
1584694046.608103,173.194.163.76,10.10.0.10,,,443,40826,0,1358,17
1584694046.609816,10.10.0.10,173.194.163.76,,,40826,443,0,37,17
1584694046.6146526,173.194.163.76,10.10.0.10,,,443,40826,0,1358,17
1584694046.621207,173.194.163.76,10.10.0.10,,,443,40826,0,1358,17
1584694046.62294,10.10.0.10,173.194.163.76,,,40826,443,0,37,17
1584694046.627754,173.194.163.76,10.10.0.10,,,443,40826,0,1358,17
1584694046.634305,173.194.163.76,10.10.0.10,,,443,40826,0,1358,17
1584694046.6359134,10.10.0.10,173.194.163.76,,,40826,443,0,37,17
1584694046.640858,173.194.163.76,10.10.0.10,,,443,40826,0,1358,17
1584694046.6474054,173.194.163.76,10.10.0.10,,,443,40826,0,1358,17
1584694046.6491642,10.10.0.10,173.194.163.76,,,40826,443,0,37,17
1584694046.6539626,173.194.163.76,10.10.0.10,,,443,40826,0,1358,17
1584694046.660521,173.194.163.76,10.10.0.10,,,443,40826,0,1358,17
1584694046.6629126,10.10.0.10,173.194.163.76,,,40826,443,0,37,17
1584694046.667056,173.194.163.76,10.10.0.10,,,443,40826,0,1358,17
1584694046.673608,173.194.163.76,10.10.0.10,,,443,40826,0,1358,17
1584694046.6751628,10.10.0.10,173.194.163.76,,,40826,443,0,37,17
1584694046.680162,173.194.163.76,10.10.0.10,,,443,40826,0,1358,17
1584694046.68671,173.194.163.76,10.10.0.10,,,443,40826,0,1358,17
1584694046.6884358,10.10.0.10,173.194.163.76,,,40826,443,0,50,17
1584694046.69327,173.194.163.76,10.10.0.10,,,443,40826,0,1358,17
1584694046.6998339,173.194.163.76,10.10.0.10,,,443,40826,0,1358,17
1584694046.7024329,10.10.0.10,173.194.163.76,,,40826,443,0,37,17
1584694046.7063599,173.194.163.76,10.10.0.10,,,443,40826,0,1358,17
1584694046.7129116,173.194.163.76,10.10.0.10,,,443,40826,0,1358,17
1584694046.714911,10.10.0.10,173.194.163.76,,,40826,443,0,37,17
1584694046.719466,173.194.163.76,10.10.0.10,,,443,40826,0,1358,17
1584694046.726019,173.194.163.76,10.10.0.10,,,443,40826,0,1358,17
1584694046.727651,10.10.0.10,173.194.163.76,,,40826,443,0,37,17
1584694046.732559,173.194.163.76,10.10.0.10,,,443,40826,0,1358,17
1584694046.7391126,173.194.163.76,10.10.0.10,,,443,40826,0,1358,17
1584694046.74091,10.10.0.10,173.194.163.76,,,40826,443,0,37,17
1584694046.745662,173.194.163.76,10.10.0.10,,,443,40826,0,1358,17
1584694046.752216,173.194.163.76,10.10.0.10,,,443,40826,0,1358,17
1584694046.75391,10.10.0.10,173.194.163.76,,,40826,443,0,37,17
1584694046.7587721,173.194.163.76,10.10.0.10,,,443,40826,0,1358,17
1584694046.765334,173.194.163.76,10.10.0.10,,,443,40826,0,1358,17
1584694046.7671802,10.10.0.10,173.194.163.76,,,40826,443,0,37,17
1584694046.771878,173.194.163.76,10.10.0.10,,,443,40826,0,1358,17
1584694046.7784214,173.194.163.76,10.10.0.10,,,443,40826,0,1358,17
1584694046.7803118,10.10.0.10,173.194.163.76,,,40826,443,0,37,17
1584694046.784968,173.194.163.76,10.10.0.10,,,443,40826,0,1358,17
1584694046.791517,173.194.163.76,10.10.0.10,,,443,40826,0,1358,17
1584694046.793161,10.10.0.10,173.194.163.76,,,40826,443,0,37,17
1584694046.798082,173.194.163.76,10.10.0.10,,,443,40826,0,1358,17
1584694046.8046212,173.194.163.76,10.10.0.10,,,443,40826,0,1358,17
1584694046.8072786,10.10.0.10,173.194.163.76,,,40826,443,0,37,17
1584694046.8111699,173.194.163.76,10.10.0.10,,,443,40826,0,1358,17
1584694046.8177214,173.194.163.76,10.10.0.10,,,443,40826,0,1358,17
1584694046.819559,10.10.0.10,173.194.163.76,,,40826,443,0,37,17
1584694046.8242722,173.194.163.76,10.10.0.10,,,443,40826,0,1358,17
1584694046.830831,173.194.163.76,10.10.0.10,,,443,40826,0,1358,17
1584694046.8324142,10.10.0.10,173.194.163.76,,,40826,443,0,37,17
1584694046.837373,173.194.163.76,10.10.0.10,,,443,40826,0,1358,17
1584694046.8439322,173.194.163.76,10.10.0.10,,,443,40826,0,1358,17
1584694046.8455322,10.10.0.10,173.194.163.76,,,40826,443,0,37,17
1584694046.8504748,173.194.163.76,10.10.0.10,,,443,40826,0,1358,17
1584694046.857025,173.194.163.76,10.10.0.10,,,443,40826,0,1358,17
1584694046.858783,10.10.0.10,173.194.163.76,,,40826,443,0,37,17
1584694046.8635812,173.194.163.76,10.10.0.10,,,443,40826,0,1358,17
1584694046.87014,173.194.163.76,10.10.0.10,,,443,40826,0,1358,17
1584694046.8718028,10.10.0.10,173.194.163.76,,,40826,443,0,37,17
1584694046.876677,173.194.163.76,10.10.0.10,,,443,40826,0,1358,17
1584694046.8832269,173.194.163.76,10.10.0.10,,,443,40826,0,1358,17
1584694046.88465,10.10.0.10,173.194.163.76,,,40826,443,0,37,17
1584694046.889777,173.194.163.76,10.10.0.10,,,443,40826,0,1358,17
1584694046.89633,173.194.163.76,10.10.0.10,,,443,40826,0,1358,17
1584694046.8981562,10.10.0.10,173.194.163.76,,,40826,443,0,37,17
1584694046.90289,173.194.163.76,10.10.0.10,,,443,40826,0,1358,17
1584694046.9094508,173.194.163.76,10.10.0.10,,,443,40826,0,1358,17
1584694046.9114258,10.10.0.10,173.194.163.76,,,40826,443,0,37,17
1584694046.915975,173.194.163.76,10.10.0.10,,,443,40826,0,1358,17
1584694046.9225314,173.194.163.76,10.10.0.10,,,443,40826,0,1358,17
1584694046.924031,10.10.0.10,173.194.163.76,,,40826,443,0,37,17
1584694046.929081,173.194.163.76,10.10.0.10,,,443,40826,0,1358,17
1584694046.93564,173.194.163.76,10.10.0.10,,,443,40826,0,1358,17
1584694046.937405,10.10.0.10,173.194.163.76,,,40826,443,0,37,17
1584694046.9422,173.194.163.76,10.10.0.10,,,443,40826,0,1358,17
1584694046.9487321,173.194.163.76,10.10.0.10,,,443,40826,0,1358,17
1584694046.950684,10.10.0.10,173.194.163.76,,,40826,443,0,50,17
1584694046.9552786,173.194.163.76,10.10.0.10,,,443,40826,0,1358,17
1584694046.961831,173.194.163.76,10.10.0.10,,,443,40826,0,1358,17
1584694046.963401,10.10.0.10,173.194.163.76,,,40826,443,0,37,17
1584694046.9683812,173.194.163.76,10.10.0.10,,,443,40826,0,1358,17
1584694046.9749331,173.194.163.76,10.10.0.10,,,443,40826,0,1358,17
1584694046.976656,10.10.0.10,173.194.163.76,,,40826,443,0,37,17
1584694046.981479,173.194.163.76,10.10.0.10,,,443,40826,0,1358,17
1584694046.9880311,173.194.163.76,10.10.0.10,,,443,40826,0,1358,17
1584694046.9900491,10.10.0.10,173.194.163.76,,,40826,443,0,37,17
1584694046.994585,173.194.163.76,10.10.0.10,,,443,40826,0,1358,17
1584694047.0011342,173.194.163.76,10.10.0.10,,,443,40826,0,1358,17
1584694047.002898,10.10.0.10,173.194.163.76,,,40826,443,0,37,17
1584694047.0076828,173.194.163.76,10.10.0.10,,,443,40826,0,1358,17
1584694047.0142438,173.194.163.76,10.10.0.10,,,443,40826,0,1358,17
1584694047.0160358,10.10.0.10,173.194.163.76,,,40826,443,0,37,17
1584694047.020783,173.194.163.76,10.10.0.10,,,443,40826,0,1358,17
1584694047.0273402,173.194.163.76,10.10.0.10,,,443,40826,0,1358,17
1584694047.0300488,10.10.0.10,173.194.163.76,,,40826,443,0,37,17
1584694047.0338929,173.194.163.76,10.10.0.10,,,443,40826,0,1358,17
1584694047.0404372,173.194.163.76,10.10.0.10,,,443,40826,0,1358,17
1584694047.042021,10.10.0.10,173.194.163.76,,,40826,443,0,37,17
1584694047.046991,173.194.163.76,10.10.0.10,,,443,40826,0,1358,17
1584694047.0535376,173.194.163.76,10.10.0.10,,,443,40826,0,1358,17
1584694047.0572991,10.10.0.10,173.194.163.76,,,40826,443,0,37,17
1584694047.060085,173.194.163.76,10.10.0.10,,,443,40826,0,1358,17
1584694047.0666428,173.194.163.76,10.10.0.10,,,443,40826,0,1358,17
1584694047.068927,10.10.0.10,173.194.163.76,,,40826,443,0,37,17
1584694047.073199,173.194.163.76,10.10.0.10,,,443,40826,0,1358,17
1584694047.07976,173.194.163.76,10.10.0.10,,,443,40826,0,1358,17
1584694047.081527,10.10.0.10,173.194.163.76,,,40826,443,0,37,17
1584694047.0862932,173.194.163.76,10.10.0.10,,,443,40826,0,1358,17
1584694047.0928464,173.194.163.76,10.10.0.10,,,443,40826,0,1358,17
1584694047.0967972,10.10.0.10,173.194.163.76,,,40826,443,0,37,17
1584694047.0993948,173.194.163.76,10.10.0.10,,,443,40826,0,1358,17
1584694047.1059446,173.194.163.76,10.10.0.10,,,443,40826,0,1358,17
1584694047.107614,10.10.0.10,173.194.163.76,,,40826,443,0,37,17
1584694047.112492,173.194.163.76,10.10.0.10,,,443,40826,0,1358,17
1584694047.119058,173.194.163.76,10.10.0.10,,,443,40826,0,1358,17
1584694047.121026,10.10.0.10,173.194.163.76,,,40826,443,0,37,17
1584694047.125592,173.194.163.76,10.10.0.10,,,443,40826,0,1358,17
1584694047.132145,173.194.163.76,10.10.0.10,,,443,40826,0,1358,17
1584694047.134276,10.10.0.10,173.194.163.76,,,40826,443,0,37,17
1584694047.1386971,173.194.163.76,10.10.0.10,,,443,40826,0,1358,17
1584694047.145247,173.194.163.76,10.10.0.10,,,443,40826,0,1358,17
1584694047.146769,10.10.0.10,173.194.163.76,,,40826,443,0,37,17
1584694047.151799,173.194.163.76,10.10.0.10,,,443,40826,0,1358,17
1584694047.158344,173.194.163.76,10.10.0.10,,,443,40826,0,1358,17
1584694047.160505,10.10.0.10,173.194.163.76,,,40826,443,0,37,17
1584694047.1648948,173.194.163.76,10.10.0.10,,,443,40826,0,1358,17
1584694047.171446,173.194.163.76,10.10.0.10,,,443,40826,0,1358,17
1584694047.174549,10.10.0.10,173.194.163.76,,,40826,443,0,37,17
1584694047.1779964,173.194.163.76,10.10.0.10,,,443,40826,0,1358,17
1584694047.18455,173.194.163.76,10.10.0.10,,,443,40826,0,1358,17
1584694047.1861582,10.10.0.10,173.194.163.76,,,40826,443,0,37,17
1584694047.191114,173.194.163.76,10.10.0.10,,,443,40826,0,1358,17
1584694047.197649,173.194.163.76,10.10.0.10,,,443,40826,0,1358,17
1584694047.199399,10.10.0.10,173.194.163.76,,,40826,443,0,37,17
1584694047.204206,173.194.163.76,10.10.0.10,,,443,40826,0,1358,17
1584694047.2107544,173.194.163.76,10.10.0.10,,,443,40826,0,1358,17
1584694047.212374,10.10.0.10,173.194.163.76,,,40826,443,0,50,17
1584694047.2173223,173.194.163.76,10.10.0.10,,,443,40826,0,1358,17
1584694047.223856,173.194.163.76,10.10.0.10,,,443,40826,0,1358,17
1584694047.2252786,10.10.0.10,173.194.163.76,,,40826,443,0,37,17
1584694047.2304122,173.194.163.76,10.10.0.10,,,443,40826,0,1358,17
1584694047.236959,173.194.163.76,10.10.0.10,,,443,40826,0,1358,17
1584694047.238777,10.10.0.10,173.194.163.76,,,40826,443,0,37,17
1584694047.24351,173.194.163.76,10.10.0.10,,,443,40826,0,1358,17
1584694047.250071,173.194.163.76,10.10.0.10,,,443,40826,0,29,17
1584694047.2503474,173.194.163.76,10.10.0.10,,,443,40826,0,1358,17
1584694047.252016,10.10.0.10,173.194.163.76,,,40826,443,0,37,17
1584694047.256907,173.194.163.76,10.10.0.10,,,443,40826,0,1358,17
1584694047.26346,173.194.163.76,10.10.0.10,,,443,40826,0,1358,17
1584694047.265167,10.10.0.10,173.194.163.76,,,40826,443,0,37,17
1584694047.2700071,173.194.163.76,10.10.0.10,,,443,40826,0,1358,17
1584694047.2765589,173.194.163.76,10.10.0.10,,,443,40826,0,1358,17
1584694047.278167,10.10.0.10,173.194.163.76,,,40826,443,0,37,17
1584694047.2831092,173.194.163.76,10.10.0.10,,,443,40826,0,1358,17
1584694047.289664,173.194.163.76,10.10.0.10,,,443,40826,0,1358,17
1584694047.291543,10.10.0.10,173.194.163.76,,,40826,443,0,37,17
1584694047.296206,173.194.163.76,10.10.0.10,,,443,40826,0,1358,17
1584694047.3027608,173.194.163.76,10.10.0.10,,,443,40826,0,1358,17
1584694047.304395,10.10.0.10,173.194.163.76,,,40826,443,0,37,17
1584694047.3093102,173.194.163.76,10.10.0.10,,,443,40826,0,1358,17
1584694047.3158786,173.194.163.76,10.10.0.10,,,443,40826,0,1358,17
1584694047.317915,10.10.0.10,173.194.163.76,,,40826,443,0,37,17
1584694047.3224142,173.194.163.76,10.10.0.10,,,443,40826,0,1358,17
1584694047.3289628,173.194.163.76,10.10.0.10,,,443,40826,0,1358,17
1584694047.33227,10.10.0.10,173.194.163.76,,,40826,443,0,37,17
1584694047.335518,173.194.163.76,10.10.0.10,,,443,40826,0,1358,17
1584694047.3420668,173.194.163.76,10.10.0.10,,,443,40826,0,1358,17
1584694047.3486366,173.194.163.76,10.10.0.10,,,443,40826,0,1358,17
1584694047.3494859,10.10.0.10,173.194.163.76,,,40826,443,0,37,17
1584694047.3551679,173.194.163.76,10.10.0.10,,,443,40826,0,1358,17
1584694047.3573651,10.10.0.10,173.194.163.76,,,40826,443,0,37,17
1584694047.3617241,173.194.163.76,10.10.0.10,,,443,40826,0,1358,17
1584694047.3682704,173.194.163.76,10.10.0.10,,,443,40826,0,1358,17
1584694047.3699136,10.10.0.10,173.194.163.76,,,40826,443,0,37,17
1584694047.374813,173.194.163.76,10.10.0.10,,,443,40826,0,1358,17
1584694047.381377,173.194.163.76,10.10.0.10,,,443,40826,0,1358,17
1584694047.3831642,10.10.0.10,173.194.163.76,,,40826,443,0,37,17
1584694047.3879464,173.194.163.76,10.10.0.10,,,443,40826,0,1358,17
1584694047.394469,173.194.163.76,10.10.0.10,,,443,40826,0,1358,17
1584694047.397667,10.10.0.10,173.194.163.76,,,40826,443,0,37,17
1584694047.4010189,173.194.163.76,10.10.0.10,,,443,40826,0,1358,17
1584694047.407569,173.194.163.76,10.10.0.10,,,443,40826,0,1358,17
1584694047.409157,10.10.0.10,173.194.163.76,,,40826,443,0,37,17
1584694047.4141262,173.194.163.76,10.10.0.10,,,443,40826,0,1358,17
1584694047.4206908,173.194.163.76,10.10.0.10,,,443,40826,0,1358,17
1584694047.422287,10.10.0.10,173.194.163.76,,,40826,443,0,37,17
1584694047.427221,173.194.163.76,10.10.0.10,,,443,40826,0,1358,17
1584694047.433774,173.194.163.76,10.10.0.10,,,443,40826,0,1358,17
1584694047.435266,10.10.0.10,173.194.163.76,,,40826,443,0,37,17
1584694047.4403224,173.194.163.76,10.10.0.10,,,443,40826,0,1358,17
1584694047.4468741,173.194.163.76,10.10.0.10,,,443,40826,0,1358,17
1584694047.448411,10.10.0.10,173.194.163.76,,,40826,443,0,37,17
1584694047.453439,173.194.163.76,10.10.0.10,,,443,40826,0,1358,17
1584694047.459974,173.194.163.76,10.10.0.10,,,443,40826,0,1358,17
1584694047.46166,10.10.0.10,173.194.163.76,,,40826,443,0,37,17
1584694047.466527,173.194.163.76,10.10.0.10,,,443,40826,0,1358,17
1584694047.473075,173.194.163.76,10.10.0.10,,,443,40826,0,1358,17
1584694047.475141,10.10.0.10,173.194.163.76,,,40826,443,0,50,17
1584694047.4796221,173.194.163.76,10.10.0.10,,,443,40826,0,1358,17
1584694047.4861894,173.194.163.76,10.10.0.10,,,443,40826,0,1358,17
1584694047.487894,10.10.0.10,173.194.163.76,,,40826,443,0,37,17
1584694047.492727,173.194.163.76,10.10.0.10,,,443,40826,0,1358,17
1584694047.499279,173.194.163.76,10.10.0.10,,,443,40826,0,1358,17
1584694047.5011618,10.10.0.10,173.194.163.76,,,40826,443,0,37,17
1584694047.505828,173.194.163.76,10.10.0.10,,,443,40826,0,1358,17
1584694047.5123801,173.194.163.76,10.10.0.10,,,443,40826,0,1358,17
1584694047.514513,10.10.0.10,173.194.163.76,,,40826,443,0,37,17
1584694047.5189388,173.194.163.76,10.10.0.10,,,443,40826,0,1358,17
1584694047.525497,173.194.163.76,10.10.0.10,,,443,40826,0,1358,17
1584694047.527161,10.10.0.10,173.194.163.76,,,40826,443,0,37,17
1584694047.5320258,173.194.163.76,10.10.0.10,,,443,40826,0,1358,17
1584694047.5385811,173.194.163.76,10.10.0.10,,,443,40826,0,1358,17
1584694047.5419092,10.10.0.10,173.194.163.76,,,40826,443,0,37,17
1584694047.545134,173.194.163.76,10.10.0.10,,,443,40826,0,1358,17
1584694047.551686,173.194.163.76,10.10.0.10,,,443,40826,0,1358,17
1584694047.5532892,10.10.0.10,173.194.163.76,,,40826,443,0,37,17
1584694047.558247,173.194.163.76,10.10.0.10,,,443,40826,0,1358,17
1584694047.564783,173.194.163.76,10.10.0.10,,,443,40826,0,1358,17
1584694047.566534,10.10.0.10,173.194.163.76,,,40826,443,0,37,17
1584694047.571335,173.194.163.76,10.10.0.10,,,443,40826,0,1358,17
1584694047.5778852,173.194.163.76,10.10.0.10,,,443,40826,0,1358,17
1584694047.584436,173.194.163.76,10.10.0.10,,,443,40826,0,1358,17
1584694047.5909948,173.194.163.76,10.10.0.10,,,443,40826,0,1358,17
1584694047.5975552,173.194.163.76,10.10.0.10,,,443,40826,0,1358,17
1584694047.6040828,173.194.163.76,10.10.0.10,,,443,40826,0,1358,17
1584694047.6051376,10.10.0.10,173.194.163.76,,,40826,443,0,37,17
1584694047.6074061,10.10.0.10,173.194.163.76,,,40826,443,0,37,17
1584694047.6082828,10.10.0.10,173.194.163.76,,,40826,443,0,37,17
1584694047.610639,173.194.163.76,10.10.0.10,,,443,40826,0,1358,17
1584694047.617194,173.194.163.76,10.10.0.10,,,443,40826,0,1358,17
1584694047.6188881,10.10.0.10,173.194.163.76,,,40826,443,0,37,17
1584694047.6237388,173.194.163.76,10.10.0.10,,,443,40826,0,1358,17
1584694047.630306,173.194.163.76,10.10.0.10,,,443,40826,0,1358,17
1584694047.631887,10.10.0.10,173.194.163.76,,,40826,443,0,37,17
1584694047.636846,173.194.163.76,10.10.0.10,,,443,40826,0,1358,17
1584694047.643393,173.194.163.76,10.10.0.10,,,443,40826,0,1358,17
1584694047.6452534,10.10.0.10,173.194.163.76,,,40826,443,0,37,17
1584694047.6499472,173.194.163.76,10.10.0.10,,,443,40826,0,1358,17
1584694047.656494,173.194.163.76,10.10.0.10,,,443,40826,0,1358,17
1584694047.658136,10.10.0.10,173.194.163.76,,,40826,443,0,37,17
1584694047.6630561,173.194.163.76,10.10.0.10,,,443,40826,0,1358,17
1584694047.6695962,173.194.163.76,10.10.0.10,,,443,40826,0,1358,17
1584694047.671406,10.10.0.10,173.194.163.76,,,40826,443,0,37,17
1584694047.6761448,173.194.163.76,10.10.0.10,,,443,40826,0,1358,17
1584694047.682696,173.194.163.76,10.10.0.10,,,443,40826,0,1358,17
1584694047.684378,10.10.0.10,173.194.163.76,,,40826,443,0,37,17
1584694047.689249,173.194.163.76,10.10.0.10,,,443,40826,0,1358,17
1584694047.695807,173.194.163.76,10.10.0.10,,,443,40826,0,1358,17
1584694047.6977592,10.10.0.10,173.194.163.76,,,40826,443,0,37,17
1584694047.7023492,173.194.163.76,10.10.0.10,,,443,40826,0,1358,17
1584694047.7088974,173.194.163.76,10.10.0.10,,,443,40826,0,1358,17
1584694047.710633,10.10.0.10,173.194.163.76,,,40826,443,0,37,17
1584694047.7154489,173.194.163.76,10.10.0.10,,,443,40826,0,1358,17
1584694047.721998,173.194.163.76,10.10.0.10,,,443,40826,0,1358,17
1584694047.7236528,10.10.0.10,173.194.163.76,,,40826,443,0,37,17
1584694047.7285562,173.194.163.76,10.10.0.10,,,443,40826,0,1358,17
1584694047.7351162,173.194.163.76,10.10.0.10,,,443,40826,0,1358,17
1584694047.7377572,10.10.0.10,173.194.163.76,,,40826,443,0,50,17
1584694047.74165,173.194.163.76,10.10.0.10,,,443,40826,0,1358,17
1584694047.7481961,173.194.163.76,10.10.0.10,,,443,40826,0,1358,17
1584694047.749882,10.10.0.10,173.194.163.76,,,40826,443,0,37,17
1584694047.754751,173.194.163.76,10.10.0.10,,,443,40826,0,1358,17
1584694047.7613044,173.194.163.76,10.10.0.10,,,443,40826,0,29,17
1584694047.7615962,173.194.163.76,10.10.0.10,,,443,40826,0,1358,17
1584694047.762884,10.10.0.10,173.194.163.76,,,40826,443,0,37,17
1584694047.7681491,173.194.163.76,10.10.0.10,,,443,40826,0,1358,17
1584694047.7747002,173.194.163.76,10.10.0.10,,,443,40826,0,1358,17
1584694047.777384,10.10.0.10,173.194.163.76,,,40826,443,0,37,17
1584694047.781251,173.194.163.76,10.10.0.10,,,443,40826,0,1358,17
1584694047.787803,173.194.163.76,10.10.0.10,,,443,40826,0,1358,17
1584694047.789511,10.10.0.10,173.194.163.76,,,40826,443,0,37,17
1584694047.7943652,173.194.163.76,10.10.0.10,,,443,40826,0,1358,17
1584694047.800902,173.194.163.76,10.10.0.10,,,443,40826,0,1358,17
1584694047.802507,10.10.0.10,173.194.163.76,,,40826,443,0,37,17
1584694047.8074524,173.194.163.76,10.10.0.10,,,443,40826,0,1358,17
1584694047.814003,173.194.163.76,10.10.0.10,,,443,40826,0,1358,17
1584694047.815656,10.10.0.10,173.194.163.76,,,40826,443,0,37,17
1584694047.820559,173.194.163.76,10.10.0.10,,,443,40826,0,1358,17
1584694047.827114,173.194.163.76,10.10.0.10,,,443,40826,0,1358,17
1584694047.8309972,10.10.0.10,173.194.163.76,,,40826,443,0,37,17
1584694047.833675,173.194.163.76,10.10.0.10,,,443,40826,0,1358,17
1584694047.840207,173.194.163.76,10.10.0.10,,,443,40826,0,1358,17
1584694047.84188,10.10.0.10,173.194.163.76,,,40826,443,0,37,17
1584694047.846761,173.194.163.76,10.10.0.10,,,443,40826,0,1358,17
1584694047.8533056,173.194.163.76,10.10.0.10,,,443,40826,0,1358,17
1584694047.8551311,10.10.0.10,173.194.163.76,,,40826,443,0,37,17
1584694047.8598619,173.194.163.76,10.10.0.10,,,443,40826,0,1358,17
1584694047.866424,173.194.163.76,10.10.0.10,,,443,40826,0,1358,17
1584694047.868406,10.10.0.10,173.194.163.76,,,40826,443,0,37,17
1584694047.8729582,173.194.163.76,10.10.0.10,,,443,40826,0,1358,17
1584694047.8795102,173.194.163.76,10.10.0.10,,,443,40826,0,1358,17
1584694047.8811288,10.10.0.10,173.194.163.76,,,40826,443,0,37,17
1584694047.8860588,173.194.163.76,10.10.0.10,,,443,40826,0,1358,17
1584694047.8926108,173.194.163.76,10.10.0.10,,,443,40826,0,1358,17
1584694047.89412,10.10.0.10,173.194.163.76,,,40826,443,0,37,17
1584694047.899173,173.194.163.76,10.10.0.10,,,443,40826,0,1358,17
1584694047.90571,173.194.163.76,10.10.0.10,,,443,40826,0,1358,17
1584694047.9072552,10.10.0.10,173.194.163.76,,,40826,443,0,37,17
1584694047.912261,173.194.163.76,10.10.0.10,,,443,40826,0,1358,17
1584694047.9188132,173.194.163.76,10.10.0.10,,,443,40826,0,1358,17
1584694047.920522,10.10.0.10,173.194.163.76,,,40826,443,0,37,17
1584694047.9253619,173.194.163.76,10.10.0.10,,,443,40826,0,1358,17
1584694047.9319134,173.194.163.76,10.10.0.10,,,443,40826,0,1358,17
1584694047.9338794,10.10.0.10,173.194.163.76,,,40826,443,0,37,17
1584694047.9384642,173.194.163.76,10.10.0.10,,,443,40826,0,1358,17
1584694047.945015,173.194.163.76,10.10.0.10,,,443,40826,0,1358,17
1584694047.947129,10.10.0.10,173.194.163.76,,,40826,443,0,37,17
1584694047.951565,173.194.163.76,10.10.0.10,,,443,40826,0,1358,17
1584694047.9581196,173.194.163.76,10.10.0.10,,,443,40826,0,1358,17
1584694047.9596279,10.10.0.10,173.194.163.76,,,40826,443,0,37,17
1584694047.964674,173.194.163.76,10.10.0.10,,,443,40826,0,1358,17
1584694047.971217,173.194.163.76,10.10.0.10,,,443,40826,0,1358,17
1584694047.9728675,10.10.0.10,173.194.163.76,,,40826,443,0,37,17
1584694047.9777641,173.194.163.76,10.10.0.10,,,443,40826,0,1358,17
1584694047.984314,173.194.163.76,10.10.0.10,,,443,40826,0,1358,17
1584694047.986005,10.10.0.10,173.194.163.76,,,40826,443,0,37,17
1584694047.990863,173.194.163.76,10.10.0.10,,,443,40826,0,1358,17
1584694047.9974134,173.194.163.76,10.10.0.10,,,443,40826,0,1358,17
1584694048.000896,10.10.0.10,173.194.163.76,,,40826,443,0,50,17
1584694048.003981,173.194.163.76,10.10.0.10,,,443,40826,0,1358,17
1584694048.010516,173.194.163.76,10.10.0.10,,,443,40826,0,1358,17
1584694048.0123699,10.10.0.10,173.194.163.76,,,40826,443,0,37,17
1584694048.017065,173.194.163.76,10.10.0.10,,,443,40826,0,1358,17
1584694048.0236151,173.194.163.76,10.10.0.10,,,443,40826,0,29,17
1584694048.023909,173.194.163.76,10.10.0.10,,,443,40826,0,1358,17
1584694048.029114,10.10.0.10,173.194.163.76,,,40826,443,0,37,17
1584694048.0304675,173.194.163.76,10.10.0.10,,,443,40826,0,1358,17
1584694048.0370188,173.194.163.76,10.10.0.10,,,443,40826,0,1358,17
1584694048.0387714,10.10.0.10,173.194.163.76,,,40826,443,0,37,17
1584694048.0435698,173.194.163.76,10.10.0.10,,,443,40826,0,1358,17
1584694048.050118,173.194.163.76,10.10.0.10,,,443,40826,0,1358,17
1584694048.0517251,10.10.0.10,173.194.163.76,,,40826,443,0,37,17
1584694048.0566669,173.194.163.76,10.10.0.10,,,443,40826,0,1358,17
1584694048.063217,173.194.163.76,10.10.0.10,,,443,40826,0,1358,17
1584694048.065239,10.10.0.10,173.194.163.76,,,40826,443,0,37,17
1584694048.069783,173.194.163.76,10.10.0.10,,,443,40826,0,1358,17
1584694048.076318,173.194.163.76,10.10.0.10,,,443,40826,0,1358,17
1584694048.078351,10.10.0.10,173.194.163.76,,,40826,443,0,37,17
1584694048.08287,173.194.163.76,10.10.0.10,,,443,40826,0,1358,17
1584694048.0894258,173.194.163.76,10.10.0.10,,,443,40826,0,1358,17
1584694048.091521,10.10.0.10,173.194.163.76,,,40826,443,0,37,17
1584694048.09597,173.194.163.76,10.10.0.10,,,443,40826,0,1358,17
1584694048.1025429,173.194.163.76,10.10.0.10,,,443,40826,0,1358,17
1584694048.1043718,10.10.0.10,173.194.163.76,,,40826,443,0,37,17
1584694048.1090758,173.194.163.76,10.10.0.10,,,443,40826,0,1358,17
1584694048.115625,173.194.163.76,10.10.0.10,,,443,40826,0,1358,17
1584694048.11727,10.10.0.10,173.194.163.76,,,40826,443,0,37,17
1584694048.122172,173.194.163.76,10.10.0.10,,,443,40826,0,1358,17
1584694048.128725,173.194.163.76,10.10.0.10,,,443,40826,0,1358,17
1584694048.130724,10.10.0.10,173.194.163.76,,,40826,443,0,37,17
1584694048.135276,173.194.163.76,10.10.0.10,,,443,40826,0,1358,17
1584694048.141838,173.194.163.76,10.10.0.10,,,443,40826,0,1358,17
1584694048.143353,10.10.0.10,173.194.163.76,,,40826,443,0,37,17
1584694048.148376,173.194.163.76,10.10.0.10,,,443,40826,0,1358,17
1584694048.15493,173.194.163.76,10.10.0.10,,,443,40826,0,1358,17
1584694048.1563704,10.10.0.10,173.194.163.76,,,40826,443,0,37,17
1584694048.161479,173.194.163.76,10.10.0.10,,,443,40826,0,1358,17
1584694048.168025,173.194.163.76,10.10.0.10,,,443,40826,0,1358,17
1584694048.169588,10.10.0.10,173.194.163.76,,,40826,443,0,37,17
1584694048.1745741,173.194.163.76,10.10.0.10,,,443,40826,0,1358,17
1584694048.181127,173.194.163.76,10.10.0.10,,,443,40826,0,1358,17
1584694048.182872,10.10.0.10,173.194.163.76,,,40826,443,0,37,17
1584694048.187682,173.194.163.76,10.10.0.10,,,443,40826,0,1358,17
1584694048.19423,173.194.163.76,10.10.0.10,,,443,40826,0,1358,17
1584694048.196004,10.10.0.10,173.194.163.76,,,40826,443,0,37,17
1584694048.200782,173.194.163.76,10.10.0.10,,,443,40826,0,1358,17
1584694048.2073278,173.194.163.76,10.10.0.10,,,443,40826,0,1358,17
1584694048.208977,10.10.0.10,173.194.163.76,,,40826,443,0,37,17
1584694048.213898,173.194.163.76,10.10.0.10,,,443,40826,0,1358,17
1584694048.2204301,173.194.163.76,10.10.0.10,,,443,40826,0,1358,17
1584694048.2231472,10.10.0.10,173.194.163.76,,,40826,443,0,37,17
1584694048.226983,173.194.163.76,10.10.0.10,,,443,40826,0,1358,17
1584694048.2335331,173.194.163.76,10.10.0.10,,,443,40826,0,1358,17
1584694048.2353911,10.10.0.10,173.194.163.76,,,40826,443,0,37,17
1584694048.240083,173.194.163.76,10.10.0.10,,,443,40826,0,1358,17
1584694048.246639,173.194.163.76,10.10.0.10,,,443,40826,0,1358,17
1584694048.24827,10.10.0.10,173.194.163.76,,,40826,443,0,37,17
1584694048.253192,173.194.163.76,10.10.0.10,,,443,40826,0,1358,17
1584694048.2597456,173.194.163.76,10.10.0.10,,,443,40826,0,1358,17
1584694048.261374,10.10.0.10,173.194.163.76,,,40826,443,0,50,17
1584694048.26629,173.194.163.76,10.10.0.10,,,443,40826,0,1358,17
1584694048.272852,173.194.163.76,10.10.0.10,,,443,40826,0,1358,17
1584694048.274368,10.10.0.10,173.194.163.76,,,40826,443,0,37,17
1584694048.2794118,173.194.163.76,10.10.0.10,,,443,40826,0,1358,17
1584694048.285942,173.194.163.76,10.10.0.10,,,443,40826,0,29,17
1584694048.286232,173.194.163.76,10.10.0.10,,,443,40826,0,1358,17
1584694048.2876372,10.10.0.10,173.194.163.76,,,40826,443,0,37,17
1584694048.292792,173.194.163.76,10.10.0.10,,,443,40826,0,1358,17
1584694048.29935,173.194.163.76,10.10.0.10,,,443,40826,0,1358,17
1584694048.3011172,10.10.0.10,173.194.163.76,,,40826,443,0,37,17
1584694048.305896,173.194.163.76,10.10.0.10,,,443,40826,0,1358,17
1584694048.3124402,173.194.163.76,10.10.0.10,,,443,40826,0,1358,17
1584694048.314137,10.10.0.10,173.194.163.76,,,40826,443,0,37,17
1584694048.318992,173.194.163.76,10.10.0.10,,,443,40826,0,1358,17
1584694048.3255439,173.194.163.76,10.10.0.10,,,443,40826,0,1358,17
1584694048.3271198,10.10.0.10,173.194.163.76,,,40826,443,0,37,17
1584694048.3321,173.194.163.76,10.10.0.10,,,443,40826,0,1358,17
1584694048.3386614,173.194.163.76,10.10.0.10,,,443,40826,0,1358,17
1584694048.34261,10.10.0.10,173.194.163.76,,,40826,443,0,37,17
1584694048.345193,173.194.163.76,10.10.0.10,,,443,40826,0,1358,17
1584694048.3517456,173.194.163.76,10.10.0.10,,,443,40826,0,1358,17
1584694048.3537636,10.10.0.10,173.194.163.76,,,40826,443,0,37,17
1584694048.358294,173.194.163.76,10.10.0.10,,,443,40826,0,1358,17
1584694048.3648481,173.194.163.76,10.10.0.10,,,443,40826,0,1358,17
1584694048.3667078,10.10.0.10,173.194.163.76,,,40826,443,0,37,17
1584694048.37141,173.194.163.76,10.10.0.10,,,443,40826,0,1358,17
1584694048.3779492,173.194.163.76,10.10.0.10,,,443,40826,0,1358,17
1584694048.3811092,10.10.0.10,173.194.163.76,,,40826,443,0,37,17
1584694048.3844981,173.194.163.76,10.10.0.10,,,443,40826,0,1358,17
1584694048.391048,173.194.163.76,10.10.0.10,,,443,40826,0,1358,17
1584694048.392615,10.10.0.10,173.194.163.76,,,40826,443,0,37,17
1584694048.397597,173.194.163.76,10.10.0.10,,,443,40826,0,1358,17
1584694048.4049358,173.194.163.76,10.10.0.10,,,443,40826,0,1358,17
1584694048.406588,10.10.0.10,173.194.163.76,,,40826,443,0,37,17
1584694048.4114852,173.194.163.76,10.10.0.10,,,443,40826,0,1358,17
1584694048.4180374,173.194.163.76,10.10.0.10,,,443,40826,0,1358,17
1584694048.419614,10.10.0.10,173.194.163.76,,,40826,443,0,37,17
1584694048.4245956,173.194.163.76,10.10.0.10,,,443,40826,0,1358,17
1584694048.431158,173.194.163.76,10.10.0.10,,,443,40826,0,1358,17
1584694048.4329796,10.10.0.10,173.194.163.76,,,40826,443,0,37,17
1584694048.4376874,173.194.163.76,10.10.0.10,,,443,40826,0,1358,17
1584694048.4442391,173.194.163.76,10.10.0.10,,,443,40826,0,1358,17
1584694048.446758,10.10.0.10,173.194.163.76,,,40826,443,0,37,17
1584694048.4507892,173.194.163.76,10.10.0.10,,,443,40826,0,1358,17
1584694048.457345,173.194.163.76,10.10.0.10,,,443,40826,0,1358,17
1584694048.45901,10.10.0.10,173.194.163.76,,,40826,443,0,37,17
1584694048.463908,173.194.163.76,10.10.0.10,,,443,40826,0,1358,17
1584694048.4704418,173.194.163.76,10.10.0.10,,,443,40826,0,1358,17
1584694048.472382,10.10.0.10,173.194.163.76,,,40826,443,0,37,17
1584694048.4769928,173.194.163.76,10.10.0.10,,,443,40826,0,1358,17
1584694048.483542,173.194.163.76,10.10.0.10,,,443,40826,0,1358,17
1584694048.4851394,10.10.0.10,173.194.163.76,,,40826,443,0,37,17
1584694048.490106,173.194.163.76,10.10.0.10,,,443,40826,0,1358,17
1584694048.496656,173.194.163.76,10.10.0.10,,,443,40826,0,1358,17
1584694048.49824,10.10.0.10,173.194.163.76,,,40826,443,0,37,17
1584694048.5031939,173.194.163.76,10.10.0.10,,,443,40826,0,1358,17
1584694048.5097392,173.194.163.76,10.10.0.10,,,443,40826,0,1358,17
1584694048.5112588,10.10.0.10,173.194.163.76,,,40826,443,0,37,17
1584694048.5162964,173.194.163.76,10.10.0.10,,,443,40826,0,1358,17
1584694048.522842,173.194.163.76,10.10.0.10,,,443,40826,0,1358,17
1584694048.524387,10.10.0.10,173.194.163.76,,,40826,443,0,50,17
1584694048.5293992,173.194.163.76,10.10.0.10,,,443,40826,0,1358,17
1584694048.535943,173.194.163.76,10.10.0.10,,,443,40826,0,1358,17
1584694048.5375054,10.10.0.10,173.194.163.76,,,40826,443,0,37,17
1584694048.542498,173.194.163.76,10.10.0.10,,,443,40826,0,1358,17
1584694048.549047,173.194.163.76,10.10.0.10,,,443,40826,0,1358,17
1584694048.550859,10.10.0.10,173.194.163.76,,,40826,443,0,37,17
1584694048.555598,173.194.163.76,10.10.0.10,,,443,40826,0,1358,17
1584694048.562158,173.194.163.76,10.10.0.10,,,443,40826,0,29,17
1584694048.56245,173.194.163.76,10.10.0.10,,,443,40826,0,1358,17
1584694048.563966,10.10.0.10,173.194.163.76,,,40826,443,0,37,17
1584694048.5689974,173.194.163.76,10.10.0.10,,,443,40826,0,1358,17
1584694048.575547,173.194.163.76,10.10.0.10,,,443,40826,0,1358,17
1584694048.577382,10.10.0.10,173.194.163.76,,,40826,443,0,37,17
1584694048.582098,173.194.163.76,10.10.0.10,,,443,40826,0,1358,17
1584694048.5886571,173.194.163.76,10.10.0.10,,,443,40826,0,1358,17
1584694048.590609,10.10.0.10,173.194.163.76,,,40826,443,0,37,17
1584694048.5951982,173.194.163.76,10.10.0.10,,,443,40826,0,1358,17
1584694048.60175,173.194.163.76,10.10.0.10,,,443,40826,0,1358,17
1584694048.6039882,10.10.0.10,173.194.163.76,,,40826,443,0,37,17
1584694048.6083019,173.194.163.76,10.10.0.10,,,443,40826,0,1358,17
1584694048.614852,173.194.163.76,10.10.0.10,,,443,40826,0,1358,17
1584694048.6164858,10.10.0.10,173.194.163.76,,,40826,443,0,37,17
1584694048.62141,173.194.163.76,10.10.0.10,,,443,40826,0,1358,17
1584694048.6279511,173.194.163.76,10.10.0.10,,,443,40826,0,1358,17
1584694048.6300998,10.10.0.10,173.194.163.76,,,40826,443,0,37,17
1584694048.634505,173.194.163.76,10.10.0.10,,,443,40826,0,1358,17
1584694048.6410534,173.194.163.76,10.10.0.10,,,443,40826,0,1358,17
1584694048.642753,10.10.0.10,173.194.163.76,,,40826,443,0,37,17
1584694048.647599,173.194.163.76,10.10.0.10,,,443,40826,0,1358,17
1584694048.6541562,173.194.163.76,10.10.0.10,,,443,40826,0,1358,17
1584694048.6558568,10.10.0.10,173.194.163.76,,,40826,443,0,37,17
1584694048.6607149,173.194.163.76,10.10.0.10,,,443,40826,0,1358,17
1584694048.6672552,173.194.163.76,10.10.0.10,,,443,40826,0,1358,17
1584694048.6690028,10.10.0.10,173.194.163.76,,,40826,443,0,37,17
1584694048.6738052,173.194.163.76,10.10.0.10,,,443,40826,0,1358,17
1584694048.6803555,173.194.163.76,10.10.0.10,,,443,40826,0,1358,17
1584694048.6818562,10.10.0.10,173.194.163.76,,,40826,443,0,37,17
1584694048.6869092,173.194.163.76,10.10.0.10,,,443,40826,0,1358,17
1584694048.693464,173.194.163.76,10.10.0.10,,,443,40826,0,1358,17
1584694048.695251,10.10.0.10,173.194.163.76,,,40826,443,0,37,17
1584694048.7000284,173.194.163.76,10.10.0.10,,,443,40826,0,1358,17
1584694048.706563,173.194.163.76,10.10.0.10,,,443,40826,0,1358,17
1584694048.7082329,10.10.0.10,173.194.163.76,,,40826,443,0,37,17
1584694048.7131078,173.194.163.76,10.10.0.10,,,443,40826,0,1358,17
1584694048.7196589,173.194.163.76,10.10.0.10,,,443,40826,0,1358,17
1584694048.7217536,10.10.0.10,173.194.163.76,,,40826,443,0,37,17
1584694048.7262132,173.194.163.76,10.10.0.10,,,443,40826,0,1358,17
1584694048.732761,173.194.163.76,10.10.0.10,,,443,40826,0,1358,17
1584694048.734489,10.10.0.10,173.194.163.76,,,40826,443,0,37,17
1584694048.739312,173.194.163.76,10.10.0.10,,,443,40826,0,1358,17
1584694048.7466528,173.194.163.76,10.10.0.10,,,443,40826,0,1358,17
1584694048.748376,10.10.0.10,173.194.163.76,,,40826,443,0,37,17
1584694048.7531939,173.194.163.76,10.10.0.10,,,443,40826,0,1358,17
1584694048.7597475,173.194.163.76,10.10.0.10,,,443,40826,0,1358,17
1584694048.761752,10.10.0.10,173.194.163.76,,,40826,443,0,37,17
1584694048.7663002,173.194.163.76,10.10.0.10,,,443,40826,0,1358,17
1584694048.77285,173.194.163.76,10.10.0.10,,,443,40826,0,1358,17
1584694048.774373,10.10.0.10,173.194.163.76,,,40826,443,0,37,17
1584694048.779405,173.194.163.76,10.10.0.10,,,443,40826,0,1358,17
1584694048.7859619,173.194.163.76,10.10.0.10,,,443,40826,0,1358,17
1584694048.7878456,10.10.0.10,173.194.163.76,,,40826,443,0,50,17
1584694048.7925231,173.194.163.76,10.10.0.10,,,443,40826,0,1358,17
1584694048.7990534,173.194.163.76,10.10.0.10,,,443,40826,0,1358,17
1584694048.8007278,10.10.0.10,173.194.163.76,,,40826,443,0,37,17
1584694048.8056028,173.194.163.76,10.10.0.10,,,443,40826,0,1358,17
1584694048.8121538,173.194.163.76,10.10.0.10,,,443,40826,0,1358,17
1584694048.813876,10.10.0.10,173.194.163.76,,,40826,443,0,37,17
1584694048.8187099,173.194.163.76,10.10.0.10,,,443,40826,0,1358,17
1584694048.825273,173.194.163.76,10.10.0.10,,,443,40826,0,29,17
1584694048.825565,173.194.163.76,10.10.0.10,,,443,40826,0,1358,17
1584694048.8273714,10.10.0.10,173.194.163.76,,,40826,443,0,37,17
1584694048.832097,173.194.163.76,10.10.0.10,,,443,40826,0,1358,17
1584694048.8386538,173.194.163.76,10.10.0.10,,,443,40826,0,1358,17
1584694048.8407464,10.10.0.10,173.194.163.76,,,40826,443,0,37,17
1584694048.8452122,173.194.163.76,10.10.0.10,,,443,40826,0,1358,17
1584694048.851772,173.194.163.76,10.10.0.10,,,443,40826,0,1358,17
1584694048.8549938,10.10.0.10,173.194.163.76,,,40826,443,0,37,17
1584694048.858305,173.194.163.76,10.10.0.10,,,443,40826,0,1358,17
1584694048.864856,173.194.163.76,10.10.0.10,,,443,40826,0,1358,17
1584694048.871406,173.194.163.76,10.10.0.10,,,443,40826,0,1358,17
1584694048.87796,173.194.163.76,10.10.0.10,,,443,40826,0,1358,17
1584694048.884522,173.194.163.76,10.10.0.10,,,443,40826,0,1358,17
1584694048.887102,10.10.0.10,173.194.163.76,,,40826,443,0,37,17
1584694048.8873699,10.10.0.10,173.194.163.76,,,40826,443,0,37,17
1584694048.8910599,173.194.163.76,10.10.0.10,,,443,40826,0,1358,17
1584694048.892602,10.10.0.10,173.194.163.76,,,40826,443,0,37,17
1584694048.897609,173.194.163.76,10.10.0.10,,,443,40826,0,1358,17
1584694048.904159,173.194.163.76,10.10.0.10,,,443,40826,0,1358,17
1584694048.90585,10.10.0.10,173.194.163.76,,,40826,443,0,37,17
1584694048.9107099,173.194.163.76,10.10.0.10,,,443,40826,0,1358,17
1584694048.917273,173.194.163.76,10.10.0.10,,,443,40826,0,1358,17
1584694048.918969,10.10.0.10,173.194.163.76,,,40826,443,0,37,17
1584694048.9238062,173.194.163.76,10.10.0.10,,,443,40826,0,1358,17
1584694048.93036,173.194.163.76,10.10.0.10,,,443,40826,0,1358,17
1584694048.931966,10.10.0.10,173.194.163.76,,,40826,443,0,37,17
1584694048.936913,173.194.163.76,10.10.0.10,,,443,40826,0,1358,17
1584694048.943462,173.194.163.76,10.10.0.10,,,443,40826,0,1358,17
1584694048.9450982,10.10.0.10,173.194.163.76,,,40826,443,0,37,17
1584694048.950022,173.194.163.76,10.10.0.10,,,443,40826,0,1358,17
1584694048.956566,173.194.163.76,10.10.0.10,,,443,40826,0,1358,17
1584694048.962224,10.10.0.10,173.194.163.76,,,40826,443,0,37,17
1584694048.9631162,173.194.163.76,10.10.0.10,,,443,40826,0,1358,17
1584694048.969665,173.194.163.76,10.10.0.10,,,443,40826,0,1358,17
1584694048.9717262,10.10.0.10,173.194.163.76,,,40826,443,0,37,17
1584694048.97622,173.194.163.76,10.10.0.10,,,443,40826,0,1358,17
1584694048.9827714,173.194.163.76,10.10.0.10,,,443,40826,0,1358,17
1584694048.984484,10.10.0.10,173.194.163.76,,,40826,443,0,37,17
1584694048.9893296,173.194.163.76,10.10.0.10,,,443,40826,0,1358,17
1584694048.9958642,173.194.163.76,10.10.0.10,,,443,40826,0,1358,17
1584694048.997593,10.10.0.10,173.194.163.76,,,40826,443,0,37,17
1584694049.0024178,173.194.163.76,10.10.0.10,,,443,40826,0,1358,17
1584694049.0089624,173.194.163.76,10.10.0.10,,,443,40826,0,1358,17
1584694049.0106108,10.10.0.10,173.194.163.76,,,40826,443,0,37,17
1584694049.015512,173.194.163.76,10.10.0.10,,,443,40826,0,1358,17
1584694049.0220618,173.194.163.76,10.10.0.10,,,443,40826,0,1358,17
1584694049.023709,10.10.0.10,173.194.163.76,,,40826,443,0,37,17
1584694049.028614,173.194.163.76,10.10.0.10,,,443,40826,0,1358,17
1584694049.035164,173.194.163.76,10.10.0.10,,,443,40826,0,1358,17
1584694049.0424998,173.194.163.76,10.10.0.10,,,443,40826,0,1358,17
1584694049.043615,10.10.0.10,173.194.163.76,,,40826,443,0,37,17
1584694049.0490608,173.194.163.76,10.10.0.10,,,443,40826,0,1358,17
1584694049.0507214,10.10.0.10,173.194.163.76,,,40826,443,0,50,17
1584694049.0556,173.194.163.76,10.10.0.10,,,443,40826,0,1358,17
1584694049.0621526,173.194.163.76,10.10.0.10,,,443,40826,0,1358,17
1584694049.0647235,10.10.0.10,173.194.163.76,,,40826,443,0,37,17
1584694049.068704,173.194.163.76,10.10.0.10,,,443,40826,0,1358,17
1584694049.075254,173.194.163.76,10.10.0.10,,,443,40826,0,1358,17
1584694049.079474,10.10.0.10,173.194.163.76,,,40826,443,0,37,17
1584694049.081811,173.194.163.76,10.10.0.10,,,443,40826,0,29,17
1584694049.082098,173.194.163.76,10.10.0.10,,,443,40826,0,1358,17
1584694049.088652,173.194.163.76,10.10.0.10,,,443,40826,0,1358,17
1584694049.09224,10.10.0.10,173.194.163.76,,,40826,443,0,37,17
1584694049.095207,173.194.163.76,10.10.0.10,,,443,40826,0,1358,17
1584694049.101767,173.194.163.76,10.10.0.10,,,443,40826,0,1358,17
1584694049.103864,10.10.0.10,173.194.163.76,,,40826,443,0,37,17
1584694049.108311,173.194.163.76,10.10.0.10,,,443,40826,0,1358,17
1584694049.11486,173.194.163.76,10.10.0.10,,,443,40826,0,1358,17
1584694049.1174614,10.10.0.10,173.194.163.76,,,40826,443,0,37,17
1584694049.1214054,173.194.163.76,10.10.0.10,,,443,40826,0,1358,17
1584694049.127954,173.194.163.76,10.10.0.10,,,443,40826,0,1358,17
1584694049.129838,10.10.0.10,173.194.163.76,,,40826,443,0,37,17
1584694049.1345036,173.194.163.76,10.10.0.10,,,443,40826,0,1358,17
1584694049.1410599,173.194.163.76,10.10.0.10,,,443,40826,0,1358,17
1584694049.1427422,10.10.0.10,173.194.163.76,,,40826,443,0,37,17
1584694049.147624,173.194.163.76,10.10.0.10,,,443,40826,0,1358,17
1584694049.154158,173.194.163.76,10.10.0.10,,,443,40826,0,1358,17
1584694049.156195,10.10.0.10,173.194.163.76,,,40826,443,0,37,17
1584694049.1607091,173.194.163.76,10.10.0.10,,,443,40826,0,1358,17
1584694049.167259,173.194.163.76,10.10.0.10,,,443,40826,0,1358,17
1584694049.168946,10.10.0.10,173.194.163.76,,,40826,443,0,37,17
1584694049.173809,173.194.163.76,10.10.0.10,,,443,40826,0,1358,17
1584694049.1803572,173.194.163.76,10.10.0.10,,,443,40826,0,1358,17
1584694049.1821961,10.10.0.10,173.194.163.76,,,40826,443,0,37,17
1584694049.1869106,173.194.163.76,10.10.0.10,,,443,40826,0,1358,17
1584694049.193463,173.194.163.76,10.10.0.10,,,443,40826,0,1358,17
1584694049.1949306,10.10.0.10,173.194.163.76,,,40826,443,0,37,17
1584694049.2000122,173.194.163.76,10.10.0.10,,,443,40826,0,1358,17
1584694049.206563,173.194.163.76,10.10.0.10,,,443,40826,0,1358,17
1584694049.2083626,10.10.0.10,173.194.163.76,,,40826,443,0,37,17
1584694049.213119,173.194.163.76,10.10.0.10,,,443,40826,0,1358,17
1584694049.2196689,173.194.163.76,10.10.0.10,,,443,40826,0,1358,17
1584694049.221343,10.10.0.10,173.194.163.76,,,40826,443,0,37,17
1584694049.226219,173.194.163.76,10.10.0.10,,,443,40826,0,1358,17
1584694049.2327714,173.194.163.76,10.10.0.10,,,443,40826,0,1358,17
1584694049.234472,10.10.0.10,173.194.163.76,,,40826,443,0,37,17
1584694049.2393172,173.194.163.76,10.10.0.10,,,443,40826,0,1358,17
1584694049.2458851,173.194.163.76,10.10.0.10,,,443,40826,0,1358,17
1584694049.2474668,10.10.0.10,173.194.163.76,,,40826,443,0,37,17
1584694049.25243,173.194.163.76,10.10.0.10,,,443,40826,0,1358,17
1584694049.2589734,173.194.163.76,10.10.0.10,,,443,40826,0,1358,17
1584694049.261877,10.10.0.10,173.194.163.76,,,40826,443,0,37,17
1584694049.265522,173.194.163.76,10.10.0.10,,,443,40826,0,1358,17
1584694049.2720695,173.194.163.76,10.10.0.10,,,443,40826,0,1358,17
1584694049.27359,10.10.0.10,173.194.163.76,,,40826,443,0,37,17
1584694049.2786381,173.194.163.76,10.10.0.10,,,443,40826,0,1358,17
1584694049.2851741,173.194.163.76,10.10.0.10,,,443,40826,0,1358,17
1584694049.286591,10.10.0.10,173.194.163.76,,,40826,443,0,37,17
1584694049.2917259,173.194.163.76,10.10.0.10,,,443,40826,0,1358,17
1584694049.298275,173.194.163.76,10.10.0.10,,,443,40826,0,1358,17
1584694049.300117,10.10.0.10,173.194.163.76,,,40826,443,0,37,17
1584694049.3048296,173.194.163.76,10.10.0.10,,,443,40826,0,1358,17
1584694049.3113859,173.194.163.76,10.10.0.10,,,443,40826,0,1358,17
1584694049.313493,10.10.0.10,173.194.163.76,,,40826,443,0,50,17
1584694049.3179462,173.194.163.76,10.10.0.10,,,443,40826,0,1358,17
1584694049.324474,173.194.163.76,10.10.0.10,,,443,40826,0,1358,17
1584694049.3259652,10.10.0.10,173.194.163.76,,,40826,443,0,37,17
1584694049.331031,173.194.163.76,10.10.0.10,,,443,40826,0,1358,17
1584694049.337582,173.194.163.76,10.10.0.10,,,443,40826,0,1358,17
1584694049.340055,10.10.0.10,173.194.163.76,,,40826,443,0,37,17
1584694049.3441298,173.194.163.76,10.10.0.10,,,443,40826,0,1358,17
1584694049.3506956,173.194.163.76,10.10.0.10,,,443,40826,0,1358,17
1584694049.3524814,10.10.0.10,173.194.163.76,,,40826,443,0,37,17
1584694049.3572302,173.194.163.76,10.10.0.10,,,443,40826,0,29,17
1584694049.357523,173.194.163.76,10.10.0.10,,,443,40826,0,1358,17
1584694049.364073,173.194.163.76,10.10.0.10,,,443,40826,0,1358,17
1584694049.367366,10.10.0.10,173.194.163.76,,,40826,443,0,37,17
1584694049.3706338,173.194.163.76,10.10.0.10,,,443,40826,0,1358,17
1584694049.377195,173.194.163.76,10.10.0.10,,,443,40826,0,1358,17
1584694049.380974,10.10.0.10,173.194.163.76,,,40826,443,0,37,17
1584694049.383729,173.194.163.76,10.10.0.10,,,443,40826,0,1358,17
1584694049.3902788,173.194.163.76,10.10.0.10,,,443,40826,0,1358,17
1584694049.39184,10.10.0.10,173.194.163.76,,,40826,443,0,37,17
1584694049.396831,173.194.163.76,10.10.0.10,,,443,40826,0,1358,17
1584694049.403384,173.194.163.76,10.10.0.10,,,443,40826,0,1358,17
1584694049.4049652,10.10.0.10,173.194.163.76,,,40826,443,0,37,17
1584694049.409944,173.194.163.76,10.10.0.10,,,443,40826,0,1358,17
1584694049.4165056,173.194.163.76,10.10.0.10,,,443,40826,0,1358,17
1584694049.4182365,10.10.0.10,173.194.163.76,,,40826,443,0,37,17
1584694049.423034,173.194.163.76,10.10.0.10,,,443,40826,0,1358,17
1584694049.429584,173.194.163.76,10.10.0.10,,,443,40826,0,1358,17
1584694049.4312098,10.10.0.10,173.194.163.76,,,40826,443,0,37,17
1584694049.436135,173.194.163.76,10.10.0.10,,,443,40826,0,1358,17
1584694049.4426918,173.194.163.76,10.10.0.10,,,443,40826,0,1358,17
1584694049.4442089,10.10.0.10,173.194.163.76,,,40826,443,0,37,17
1584694049.449258,173.194.163.76,10.10.0.10,,,443,40826,0,1358,17
1584694049.455787,173.194.163.76,10.10.0.10,,,443,40826,0,1358,17
1584694049.4573572,10.10.0.10,173.194.163.76,,,40826,443,0,37,17
1584694049.462338,173.194.163.76,10.10.0.10,,,443,40826,0,1358,17
1584694049.4688866,173.194.163.76,10.10.0.10,,,443,40826,0,1358,17
1584694049.470459,10.10.0.10,173.194.163.76,,,40826,443,0,37,17
1584694049.475441,173.194.163.76,10.10.0.10,,,443,40826,0,1358,17
1584694049.482003,173.194.163.76,10.10.0.10,,,443,40826,0,1358,17
1584694049.4836028,10.10.0.10,173.194.163.76,,,40826,443,0,37,17
1584694049.4885368,173.194.163.76,10.10.0.10,,,443,40826,0,1358,17
1584694049.49509,173.194.163.76,10.10.0.10,,,443,40826,0,1358,17
1584694049.497228,10.10.0.10,173.194.163.76,,,40826,443,0,37,17
1584694049.50164,173.194.163.76,10.10.0.10,,,443,40826,0,1358,17
1584694049.5081859,173.194.163.76,10.10.0.10,,,443,40826,0,1358,17
1584694049.509729,10.10.0.10,173.194.163.76,,,40826,443,0,37,17
1584694049.5147555,173.194.163.76,10.10.0.10,,,443,40826,0,1358,17
1584694049.5212932,173.194.163.76,10.10.0.10,,,443,40826,0,1358,17
1584694049.522832,10.10.0.10,173.194.163.76,,,40826,443,0,37,17
1584694049.527843,173.194.163.76,10.10.0.10,,,443,40826,0,1358,17
1584694049.534395,173.194.163.76,10.10.0.10,,,443,40826,0,1358,17
1584694049.535977,10.10.0.10,173.194.163.76,,,40826,443,0,37,17
1584694049.540946,173.194.163.76,10.10.0.10,,,443,40826,0,1358,17
1584694049.5475092,173.194.163.76,10.10.0.10,,,443,40826,0,1358,17
1584694049.549207,10.10.0.10,173.194.163.76,,,40826,443,0,37,17
1584694049.5540464,173.194.163.76,10.10.0.10,,,443,40826,0,1358,17
1584694049.5605981,173.194.163.76,10.10.0.10,,,443,40826,0,1358,17
1584694049.562205,10.10.0.10,173.194.163.76,,,40826,443,0,37,17
1584694049.5671456,173.194.163.76,10.10.0.10,,,443,40826,0,1358,17
1584694049.5736964,173.194.163.76,10.10.0.10,,,443,40826,0,1358,17
1584694049.5754788,10.10.0.10,173.194.163.76,,,40826,443,0,50,17
1584694049.580255,173.194.163.76,10.10.0.10,,,443,40826,0,1358,17
1584694049.5868132,173.194.163.76,10.10.0.10,,,443,40826,0,1358,17
1584694049.588475,10.10.0.10,173.194.163.76,,,40826,443,0,37,17
1584694049.5933475,173.194.163.76,10.10.0.10,,,443,40826,0,1358,17
1584694049.5999002,173.194.163.76,10.10.0.10,,,443,40826,0,1358,17
1584694049.6018338,10.10.0.10,173.194.163.76,,,40826,443,0,37,17
1584694049.6064508,173.194.163.76,10.10.0.10,,,443,40826,0,1358,17
1584694049.6130028,173.194.163.76,10.10.0.10,,,443,40826,0,1358,17
1584694049.614725,10.10.0.10,173.194.163.76,,,40826,443,0,40,17
1584694049.619562,173.194.163.76,10.10.0.10,,,443,40826,0,1358,17
1584694049.6210802,10.10.0.10,173.194.163.76,,,40826,443,0,37,17
1584694049.626101,173.194.163.76,10.10.0.10,,,443,40826,0,29,17
1584694049.626392,173.194.163.76,10.10.0.10,,,443,40826,0,1358,17
1584694049.63295,173.194.163.76,10.10.0.10,,,443,40826,0,1358,17
1584694049.634582,10.10.0.10,173.194.163.76,,,40826,443,0,37,17
1584694049.639503,173.194.163.76,10.10.0.10,,,443,40826,0,1358,17
1584694049.646062,173.194.163.76,10.10.0.10,,,443,40826,0,1358,17
1584694049.64785,10.10.0.10,173.194.163.76,,,40826,443,0,37,17
1584694049.652621,173.194.163.76,10.10.0.10,,,443,40826,0,1358,17
1584694049.659152,173.194.163.76,10.10.0.10,,,443,40826,0,1358,17
1584694049.6608198,10.10.0.10,173.194.163.76,,,40826,443,0,37,17
1584694049.6657028,173.194.163.76,10.10.0.10,,,443,40826,0,1358,17
1584694049.6722536,173.194.163.76,10.10.0.10,,,443,40826,0,1358,17
1584694049.674598,10.10.0.10,173.194.163.76,,,40826,443,0,37,17
1584694049.6788108,173.194.163.76,10.10.0.10,,,443,40826,0,1139,17
1584694049.698102,10.10.0.10,173.194.163.76,,,40826,443,0,732,17
1584694049.6984534,10.10.0.10,173.194.163.76,,,40826,443,0,48,17
1584694049.702359,173.194.163.76,10.10.0.10,,,443,40826,0,115,17
1584694049.7023911,173.194.163.76,10.10.0.10,,,443,40826,0,1358,17
1584694049.702415,173.194.163.76,10.10.0.10,,,443,40826,0,1358,17
1584694049.704473,10.10.0.10,173.194.163.76,,,40826,443,0,37,17
1584694049.7086372,173.194.163.76,10.10.0.10,,,443,40826,0,1358,17
1584694049.71032,10.10.0.10,173.194.163.76,,,40826,443,0,37,17
1584694049.715192,173.194.163.76,10.10.0.10,,,443,40826,0,1358,17
1584694049.720351,10.10.0.10,173.194.163.76,,,40826,443,0,729,17
1584694049.720377,10.10.0.10,173.194.163.76,,,40826,443,0,48,17
1584694049.721749,173.194.163.76,10.10.0.10,,,443,40826,0,1358,17
1584694049.7282894,173.194.163.76,10.10.0.10,,,443,40826,0,1358,17
1584694049.7304518,10.10.0.10,173.194.163.76,,,40826,443,0,37,17
1584694049.7348444,173.194.163.76,10.10.0.10,,,443,40826,0,1358,17
1584694049.7413962,173.194.163.76,10.10.0.10,,,443,40826,0,1358,17
1584694049.743077,10.10.0.10,173.194.163.76,,,40826,443,0,37,17
1584694049.747941,173.194.163.76,10.10.0.10,,,443,40826,0,1358,17
1584694049.754498,173.194.163.76,10.10.0.10,,,443,40826,0,1358,17
1584694049.7560759,10.10.0.10,173.194.163.76,,,40826,443,0,37,17
1584694049.7610598,173.194.163.76,10.10.0.10,,,443,40826,0,29,17
1584694049.7613358,173.194.163.76,10.10.0.10,,,443,40826,0,1358,17
1584694049.767893,173.194.163.76,10.10.0.10,,,443,40826,0,1358,17
1584694049.7696989,10.10.0.10,173.194.163.76,,,40826,443,0,37,17
1584694049.774439,173.194.163.76,10.10.0.10,,,443,40826,0,1358,17
1584694049.780998,173.194.163.76,10.10.0.10,,,443,40826,0,1358,17
1584694049.7833252,10.10.0.10,173.194.163.76,,,40826,443,0,37,17
1584694049.787558,173.194.163.76,10.10.0.10,,,443,40826,0,1358,17
1584694049.794285,173.194.163.76,10.10.0.10,,,443,40826,0,1358,17
1584694049.795967,10.10.0.10,173.194.163.76,,,40826,443,0,37,17
1584694049.8008552,173.194.163.76,10.10.0.10,,,443,40826,0,1358,17
1584694049.807395,173.194.163.76,10.10.0.10,,,443,40826,0,1358,17
1584694049.8089502,10.10.0.10,173.194.163.76,,,40826,443,0,37,17
1584694049.81395,173.194.163.76,10.10.0.10,,,443,40826,0,1358,17
1584694049.820497,173.194.163.76,10.10.0.10,,,443,40826,0,1358,17
1584694049.8222196,10.10.0.10,173.194.163.76,,,40826,443,0,37,17
1584694049.8270571,173.194.163.76,10.10.0.10,,,443,40826,0,1358,17
1584694049.833618,173.194.163.76,10.10.0.10,,,443,40826,0,1358,17
1584694049.835202,10.10.0.10,173.194.163.76,,,40826,443,0,37,17
1584694049.8401446,173.194.163.76,10.10.0.10,,,443,40826,0,1358,17
1584694049.8466976,173.194.163.76,10.10.0.10,,,443,40826,0,1358,17
1584694049.8486972,10.10.0.10,173.194.163.76,,,40826,443,0,37,17
1584694049.8532462,173.194.163.76,10.10.0.10,,,443,40826,0,1358,17
1584694049.859806,173.194.163.76,10.10.0.10,,,443,40826,0,1358,17
1584694049.8615732,10.10.0.10,173.194.163.76,,,40826,443,0,37,17
1584694049.866345,173.194.163.76,10.10.0.10,,,443,40826,0,1358,17
1584694049.8728988,173.194.163.76,10.10.0.10,,,443,40826,0,1358,17
1584694049.874423,10.10.0.10,173.194.163.76,,,40826,443,0,37,17
1584694049.879447,173.194.163.76,10.10.0.10,,,443,40826,0,1358,17
1584694049.8860002,173.194.163.76,10.10.0.10,,,443,40826,0,1358,17
1584694049.887718,10.10.0.10,173.194.163.76,,,40826,443,0,37,17
1584694049.8925474,173.194.163.76,10.10.0.10,,,443,40826,0,1358,17
1584694049.8991172,173.194.163.76,10.10.0.10,,,443,40826,0,1358,17
1584694049.900841,10.10.0.10,173.194.163.76,,,40826,443,0,37,17
1584694049.905649,173.194.163.76,10.10.0.10,,,443,40826,0,1358,17
1584694049.9122062,173.194.163.76,10.10.0.10,,,443,40826,0,1358,17
1584694049.9139671,10.10.0.10,173.194.163.76,,,40826,443,0,37,17
1584694049.9187589,173.194.163.76,10.10.0.10,,,443,40826,0,1358,17
1584694049.9253082,173.194.163.76,10.10.0.10,,,443,40826,0,1358,17
1584694049.9270961,10.10.0.10,173.194.163.76,,,40826,443,0,37,17
1584694049.931876,173.194.163.76,10.10.0.10,,,443,40826,0,1358,17
1584694049.938406,173.194.163.76,10.10.0.10,,,443,40826,0,1358,17
1584694049.9403422,10.10.0.10,173.194.163.76,,,40826,443,0,37,17
1584694049.9449599,173.194.163.76,10.10.0.10,,,443,40826,0,1358,17
1584694049.9515069,173.194.163.76,10.10.0.10,,,443,40826,0,1358,17
1584694049.9533432,10.10.0.10,173.194.163.76,,,40826,443,0,37,17
1584694049.958057,173.194.163.76,10.10.0.10,,,443,40826,0,1358,17
1584694049.964618,173.194.163.76,10.10.0.10,,,443,40826,0,1358,17
1584694049.966466,10.10.0.10,173.194.163.76,,,40826,443,0,37,17
1584694049.971158,173.194.163.76,10.10.0.10,,,443,40826,0,1358,17
1584694049.9777148,173.194.163.76,10.10.0.10,,,443,40826,0,1358,17
1584694049.981574,10.10.0.10,173.194.163.76,,,40826,443,0,50,17
1584694049.984259,173.194.163.76,10.10.0.10,,,443,40826,0,1358,17
1584694049.990806,173.194.163.76,10.10.0.10,,,443,40826,0,1358,17
1584694049.9928231,10.10.0.10,173.194.163.76,,,40826,443,0,37,17
1584694049.99736,173.194.163.76,10.10.0.10,,,443,40826,0,1358,17
1584694050.003908,173.194.163.76,10.10.0.10,,,443,40826,0,1358,17
1584694050.005801,10.10.0.10,173.194.163.76,,,40826,443,0,37,17
1584694050.0104609,173.194.163.76,10.10.0.10,,,443,40826,0,1358,17
1584694050.017014,173.194.163.76,10.10.0.10,,,443,40826,0,1358,17
1584694050.0191882,10.10.0.10,173.194.163.76,,,40826,443,0,37,17
1584694050.0235558,173.194.163.76,10.10.0.10,,,443,40826,0,1358,17
1584694050.0301092,173.194.163.76,10.10.0.10,,,443,40826,0,1358,17
1584694050.031655,10.10.0.10,173.194.163.76,,,40826,443,0,37,17
1584694050.0366588,173.194.163.76,10.10.0.10,,,443,40826,0,1358,17
1584694050.043224,173.194.163.76,10.10.0.10,,,443,40826,0,1358,17
1584694050.044849,10.10.0.10,173.194.163.76,,,40826,443,0,37,17
1584694050.0497582,173.194.163.76,10.10.0.10,,,443,40826,0,1358,17
1584694050.0563116,173.194.163.76,10.10.0.10,,,443,40826,0,1358,17
1584694050.0578141,10.10.0.10,173.194.163.76,,,40826,443,0,37,17
1584694050.062864,173.194.163.76,10.10.0.10,,,443,40826,0,1358,17
1584694050.0694141,173.194.163.76,10.10.0.10,,,443,40826,0,1358,17
1584694050.070904,10.10.0.10,173.194.163.76,,,40826,443,0,37,17
1584694050.0759628,173.194.163.76,10.10.0.10,,,443,40826,0,1358,17
1584694050.0825136,173.194.163.76,10.10.0.10,,,443,40826,0,1358,17
1584694050.0841708,10.10.0.10,173.194.163.76,,,40826,443,0,37,17
1584694050.0890632,173.194.163.76,10.10.0.10,,,443,40826,0,1358,17
1584694050.0956142,173.194.163.76,10.10.0.10,,,443,40826,0,1358,17
1584694050.0983162,10.10.0.10,173.194.163.76,,,40826,443,0,37,17
1584694050.102174,173.194.163.76,10.10.0.10,,,443,40826,0,1358,17
1584694050.1087182,173.194.163.76,10.10.0.10,,,443,40826,0,1358,17
1584694050.1103091,10.10.0.10,173.194.163.76,,,40826,443,0,37,17
1584694050.1152678,173.194.163.76,10.10.0.10,,,443,40826,0,1358,17
1584694050.121816,173.194.163.76,10.10.0.10,,,443,40826,0,1358,17
1584694050.12344,10.10.0.10,173.194.163.76,,,40826,443,0,37,17
1584694050.128368,173.194.163.76,10.10.0.10,,,443,40826,0,1358,17
1584694050.1349251,173.194.163.76,10.10.0.10,,,443,40826,0,1358,17
1584694050.1370618,10.10.0.10,173.194.163.76,,,40826,443,0,37,17
1584694050.141473,173.194.163.76,10.10.0.10,,,443,40826,0,1358,17
1584694050.148026,173.194.163.76,10.10.0.10,,,443,40826,0,1358,17
1584694050.1545722,173.194.163.76,10.10.0.10,,,443,40826,0,1358,17
1584694050.1611214,173.194.163.76,10.10.0.10,,,443,40826,0,1358,17
1584694050.1676776,173.194.163.76,10.10.0.10,,,443,40826,0,1358,17
1584694050.172424,10.10.0.10,173.194.163.76,,,40826,443,0,37,17
1584694050.174223,173.194.163.76,10.10.0.10,,,443,40826,0,1358,17
1584694050.17531,10.10.0.10,173.194.163.76,,,40826,443,0,37,17
1584694050.175556,10.10.0.10,173.194.163.76,,,40826,443,0,37,17
1584694050.1807814,173.194.163.76,10.10.0.10,,,443,40826,0,1358,17
1584694050.1873221,173.194.163.76,10.10.0.10,,,443,40826,0,1358,17
1584694050.188785,10.10.0.10,173.194.163.76,,,40826,443,0,37,17
1584694050.1938775,173.194.163.76,10.10.0.10,,,443,40826,0,1358,17
1584694050.2004259,173.194.163.76,10.10.0.10,,,443,40826,0,1358,17
1584694050.20192,10.10.0.10,173.194.163.76,,,40826,443,0,37,17
1584694050.206974,173.194.163.76,10.10.0.10,,,443,40826,0,1358,17
1584694050.2135322,173.194.163.76,10.10.0.10,,,443,40826,0,1358,17
1584694050.2158108,10.10.0.10,173.194.163.76,,,40826,443,0,37,17
1584694050.220076,173.194.163.76,10.10.0.10,,,443,40826,0,1358,17
1584694050.226632,173.194.163.76,10.10.0.10,,,443,40826,0,1358,17
1584694050.2281866,10.10.0.10,173.194.163.76,,,40826,443,0,37,17
1584694050.2331822,173.194.163.76,10.10.0.10,,,443,40826,0,1358,17
1584694050.2397351,173.194.163.76,10.10.0.10,,,443,40826,0,1358,17
1584694050.241194,10.10.0.10,173.194.163.76,,,40826,443,0,50,17
1584694050.246279,173.194.163.76,10.10.0.10,,,443,40826,0,1358,17
1584694050.252833,173.194.163.76,10.10.0.10,,,443,40826,0,1358,17
1584694050.2543118,10.10.0.10,173.194.163.76,,,40826,443,0,37,17
1584694050.259384,173.194.163.76,10.10.0.10,,,443,40826,0,1358,17
1584694050.265934,173.194.163.76,10.10.0.10,,,443,40826,0,1358,17
1584694050.268004,10.10.0.10,173.194.163.76,,,40826,443,0,37,17
1584694050.272489,173.194.163.76,10.10.0.10,,,443,40826,0,1358,17
1584694050.279041,173.194.163.76,10.10.0.10,,,443,40826,0,1358,17
1584694050.280831,10.10.0.10,173.194.163.76,,,40826,443,0,37,17
1584694050.2856061,173.194.163.76,10.10.0.10,,,443,40826,0,1358,17
1584694050.2921386,173.194.163.76,10.10.0.10,,,443,40826,0,1358,17
1584694050.293678,10.10.0.10,173.194.163.76,,,40826,443,0,37,17
1584694050.2986894,173.194.163.76,10.10.0.10,,,443,40826,0,1358,17
1584694050.3052402,173.194.163.76,10.10.0.10,,,443,40826,0,1358,17
1584694050.306956,10.10.0.10,173.194.163.76,,,40826,443,0,37,17
1584694050.3117929,173.194.163.76,10.10.0.10,,,443,40826,0,1358,17
1584694050.3183591,173.194.163.76,10.10.0.10,,,443,40826,0,1358,17
1584694050.3199348,10.10.0.10,173.194.163.76,,,40826,443,0,37,17
1584694050.3248909,173.194.163.76,10.10.0.10,,,443,40826,0,1358,17
1584694050.33144,173.194.163.76,10.10.0.10,,,443,40826,0,1358,17
1584694050.333185,10.10.0.10,173.194.163.76,,,40826,443,0,37,17
1584694050.3379939,173.194.163.76,10.10.0.10,,,443,40826,0,1358,17
1584694050.344542,173.194.163.76,10.10.0.10,,,443,40826,0,1358,17
1584694050.346302,10.10.0.10,173.194.163.76,,,40826,443,0,37,17
1584694050.3511078,173.194.163.76,10.10.0.10,,,443,40826,0,1358,17
1584694050.3576438,173.194.163.76,10.10.0.10,,,443,40826,0,1358,17
1584694050.3604348,10.10.0.10,173.194.163.76,,,40826,443,0,37,17
1584694050.364203,173.194.163.76,10.10.0.10,,,443,40826,0,1358,17
1584694050.3707464,173.194.163.76,10.10.0.10,,,443,40826,0,1358,17
1584694050.372825,10.10.0.10,173.194.163.76,,,40826,443,0,37,17
1584694050.3772972,173.194.163.76,10.10.0.10,,,443,40826,0,1358,17
1584694050.383856,173.194.163.76,10.10.0.10,,,443,40826,0,1358,17
1584694050.385582,10.10.0.10,173.194.163.76,,,40826,443,0,37,17
1584694050.390398,173.194.163.76,10.10.0.10,,,443,40826,0,1358,17
1584694050.396948,173.194.163.76,10.10.0.10,,,443,40826,0,1358,17
1584694050.3998268,10.10.0.10,173.194.163.76,,,40826,443,0,37,17
1584694050.4035,173.194.163.76,10.10.0.10,,,443,40826,0,1358,17
1584694050.410049,173.194.163.76,10.10.0.10,,,443,40826,0,1358,17
1584694050.412202,10.10.0.10,173.194.163.76,,,40826,443,0,37,17
1584694050.416608,173.194.163.76,10.10.0.10,,,443,40826,0,1358,17
1584694050.423165,173.194.163.76,10.10.0.10,,,443,40826,0,1358,17
1584694050.424835,10.10.0.10,173.194.163.76,,,40826,443,0,37,17
1584694050.4297,173.194.163.76,10.10.0.10,,,443,40826,0,1358,17
1584694050.436251,173.194.163.76,10.10.0.10,,,443,40826,0,1358,17
1584694050.437825,10.10.0.10,173.194.163.76,,,40826,443,0,37,17
1584694050.442805,173.194.163.76,10.10.0.10,,,443,40826,0,1358,17
1584694050.449354,173.194.163.76,10.10.0.10,,,443,40826,0,1358,17
1584694050.4524338,10.10.0.10,173.194.163.76,,,40826,443,0,37,17
1584694050.455915,173.194.163.76,10.10.0.10,,,443,40826,0,1358,17
1584694050.4624536,173.194.163.76,10.10.0.10,,,443,40826,0,1358,17
1584694050.465575,10.10.0.10,173.194.163.76,,,40826,443,0,37,17
1584694050.469005,173.194.163.76,10.10.0.10,,,443,40826,0,1358,17
1584694050.475557,173.194.163.76,10.10.0.10,,,443,40826,0,1358,17
1584694050.477203,10.10.0.10,173.194.163.76,,,40826,443,0,37,17
1584694050.482106,173.194.163.76,10.10.0.10,,,443,40826,0,1358,17
1584694050.4886632,173.194.163.76,10.10.0.10,,,443,40826,0,1358,17
1584694050.49105,10.10.0.10,173.194.163.76,,,40826,443,0,37,17
1584694050.495225,173.194.163.76,10.10.0.10,,,443,40826,0,1358,17
1584694050.501758,173.194.163.76,10.10.0.10,,,443,40826,0,1358,17
1584694050.503304,10.10.0.10,173.194.163.76,,,40826,443,0,50,17
1584694050.5083196,173.194.163.76,10.10.0.10,,,443,40826,0,1358,17
1584694050.514857,173.194.163.76,10.10.0.10,,,443,40826,0,1358,17
1584694050.5165222,10.10.0.10,173.194.163.76,,,40826,443,0,37,17
1584694050.5214045,173.194.163.76,10.10.0.10,,,443,40826,0,1358,17
1584694050.527962,173.194.163.76,10.10.0.10,,,443,40826,0,1358,17
1584694050.529448,10.10.0.10,173.194.163.76,,,40826,443,0,37,17
1584694050.5345054,173.194.163.76,10.10.0.10,,,443,40826,0,29,17
1584694050.534799,173.194.163.76,10.10.0.10,,,443,40826,0,1358,17
1584694050.541354,173.194.163.76,10.10.0.10,,,443,40826,0,1358,17
1584694050.5430536,10.10.0.10,173.194.163.76,,,40826,443,0,37,17
1584694050.5479171,173.194.163.76,10.10.0.10,,,443,40826,0,1358,17
1584694050.5544732,173.194.163.76,10.10.0.10,,,443,40826,0,1358,17
1584694050.5560648,10.10.0.10,173.194.163.76,,,40826,443,0,37,17
1584694050.561008,173.194.163.76,10.10.0.10,,,443,40826,0,1358,17
1584694050.5675561,173.194.163.76,10.10.0.10,,,443,40826,0,1358,17
1584694050.569205,10.10.0.10,173.194.163.76,,,40826,443,0,37,17
1584694050.575769,173.194.163.76,10.10.0.10,,,443,40826,0,1358,17
1584694050.582349,173.194.163.76,10.10.0.10,,,443,40826,0,1358,17
1584694050.58445,10.10.0.10,173.194.163.76,,,40826,443,0,37,17
1584694050.588881,173.194.163.76,10.10.0.10,,,443,40826,0,1358,17
1584694050.5954278,173.194.163.76,10.10.0.10,,,443,40826,0,1358,17
1584694050.5970528,10.10.0.10,173.194.163.76,,,40826,443,0,37,17
1584694050.6019802,173.194.163.76,10.10.0.10,,,443,40826,0,1358,17
1584694050.608536,173.194.163.76,10.10.0.10,,,443,40826,0,1358,17
1584694050.610196,10.10.0.10,173.194.163.76,,,40826,443,0,37,17
1584694050.615098,173.194.163.76,10.10.0.10,,,443,40826,0,1358,17
1584694050.6216292,173.194.163.76,10.10.0.10,,,443,40826,0,1358,17
1584694050.623181,10.10.0.10,173.194.163.76,,,40826,443,0,37,17
1584694050.6281812,173.194.163.76,10.10.0.10,,,443,40826,0,1358,17
1584694050.6347306,173.194.163.76,10.10.0.10,,,443,40826,0,1358,17
1584694050.6362948,10.10.0.10,173.194.163.76,,,40826,443,0,37,17
1584694050.6412852,173.194.163.76,10.10.0.10,,,443,40826,0,1358,17
1584694050.647845,173.194.163.76,10.10.0.10,,,443,40826,0,1358,17
1584694050.649443,10.10.0.10,173.194.163.76,,,40826,443,0,37,17
1584694050.654382,173.194.163.76,10.10.0.10,,,443,40826,0,1358,17
1584694050.660935,173.194.163.76,10.10.0.10,,,443,40826,0,1358,17
1584694050.66255,10.10.0.10,173.194.163.76,,,40826,443,0,37,17
1584694050.6674829,173.194.163.76,10.10.0.10,,,443,40826,0,1358,17
1584694050.6740348,173.194.163.76,10.10.0.10,,,443,40826,0,1358,17
1584694050.6756964,10.10.0.10,173.194.163.76,,,40826,443,0,37,17
1584694050.6806,173.194.163.76,10.10.0.10,,,443,40826,0,1358,17
1584694050.687135,173.194.163.76,10.10.0.10,,,443,40826,0,1358,17
1584694050.688823,10.10.0.10,173.194.163.76,,,40826,443,0,37,17
1584694050.6936884,173.194.163.76,10.10.0.10,,,443,40826,0,1358,17
1584694050.7002358,173.194.163.76,10.10.0.10,,,443,40826,0,1358,17
1584694050.701953,10.10.0.10,173.194.163.76,,,40826,443,0,37,17
1584694050.7067866,173.194.163.76,10.10.0.10,,,443,40826,0,1358,17
1584694050.713347,173.194.163.76,10.10.0.10,,,443,40826,0,1358,17
1584694050.714924,10.10.0.10,173.194.163.76,,,40826,443,0,37,17
1584694050.7198892,173.194.163.76,10.10.0.10,,,443,40826,0,1358,17
1584694050.726439,173.194.163.76,10.10.0.10,,,443,40826,0,1358,17
1584694050.7280688,10.10.0.10,173.194.163.76,,,40826,443,0,37,17
1584694050.732989,173.194.163.76,10.10.0.10,,,443,40826,0,1358,17
1584694050.739542,173.194.163.76,10.10.0.10,,,443,40826,0,1358,17
1584694050.741166,10.10.0.10,173.194.163.76,,,40826,443,0,37,17
1584694050.7460961,173.194.163.76,10.10.0.10,,,443,40826,0,1358,17
1584694050.752657,173.194.163.76,10.10.0.10,,,443,40826,0,1358,17
1584694050.754303,10.10.0.10,173.194.163.76,,,40826,443,0,37,17
1584694050.759191,173.194.163.76,10.10.0.10,,,443,40826,0,1358,17
1584694050.765744,173.194.163.76,10.10.0.10,,,443,40826,0,1358,17
1584694050.767548,10.10.0.10,173.194.163.76,,,40826,443,0,50,17
1584694050.772298,173.194.163.76,10.10.0.10,,,443,40826,0,1358,17
1584694050.778847,173.194.163.76,10.10.0.10,,,443,40826,0,1358,17
1584694050.7805474,10.10.0.10,173.194.163.76,,,40826,443,0,37,17
1584694050.785406,173.194.163.76,10.10.0.10,,,443,40826,0,1358,17
1584694050.7919395,173.194.163.76,10.10.0.10,,,443,40826,0,1358,17
1584694050.7939222,10.10.0.10,173.194.163.76,,,40826,443,0,37,17
1584694050.798497,173.194.163.76,10.10.0.10,,,443,40826,0,1358,17
1584694050.805046,173.194.163.76,10.10.0.10,,,443,40826,0,1358,17
1584694050.807066,10.10.0.10,173.194.163.76,,,40826,443,0,37,17
1584694050.811597,173.194.163.76,10.10.0.10,,,443,40826,0,29,17
1584694050.8118858,173.194.163.76,10.10.0.10,,,443,40826,0,1358,17
1584694050.818465,173.194.163.76,10.10.0.10,,,443,40826,0,1358,17
1584694050.820166,10.10.0.10,173.194.163.76,,,40826,443,0,37,17
1584694050.8249948,173.194.163.76,10.10.0.10,,,443,40826,0,1358,17
1584694050.8315456,173.194.163.76,10.10.0.10,,,443,40826,0,1358,17
1584694050.8331714,10.10.0.10,173.194.163.76,,,40826,443,0,37,17
1584694050.838094,173.194.163.76,10.10.0.10,,,443,40826,0,1358,17
1584694050.8446536,173.194.163.76,10.10.0.10,,,443,40826,0,1358,17
1584694050.8465679,10.10.0.10,173.194.163.76,,,40826,443,0,37,17
1584694050.8512151,173.194.163.76,10.10.0.10,,,443,40826,0,1358,17
1584694050.8577461,173.194.163.76,10.10.0.10,,,443,40826,0,1358,17
1584694050.8595474,10.10.0.10,173.194.163.76,,,40826,443,0,37,17
1584694050.8642972,173.194.163.76,10.10.0.10,,,443,40826,0,1358,17
1584694050.870848,173.194.163.76,10.10.0.10,,,443,40826,0,1358,17
1584694050.8726842,10.10.0.10,173.194.163.76,,,40826,443,0,37,17
1584694050.8774018,173.194.163.76,10.10.0.10,,,443,40826,0,1358,17
1584694050.8839526,173.194.163.76,10.10.0.10,,,443,40826,0,1358,17
1584694050.885565,10.10.0.10,173.194.163.76,,,40826,443,0,37,17
1584694050.890501,173.194.163.76,10.10.0.10,,,443,40826,0,1358,17
1584694050.897052,173.194.163.76,10.10.0.10,,,443,40826,0,1358,17
1584694050.9005609,10.10.0.10,173.194.163.76,,,40826,443,0,37,17
1584694050.903602,173.194.163.76,10.10.0.10,,,443,40826,0,1358,17
1584694050.910151,173.194.163.76,10.10.0.10,,,443,40826,0,1358,17
1584694050.911818,10.10.0.10,173.194.163.76,,,40826,443,0,37,17
1584694050.9167204,173.194.163.76,10.10.0.10,,,443,40826,0,1358,17
1584694050.9232519,173.194.163.76,10.10.0.10,,,443,40826,0,1358,17
1584694050.925064,10.10.0.10,173.194.163.76,,,40826,443,0,37,17
1584694050.929803,173.194.163.76,10.10.0.10,,,443,40826,0,1358,17
1584694050.936354,173.194.163.76,10.10.0.10,,,443,40826,0,1358,17
1584694050.9380622,10.10.0.10,173.194.163.76,,,40826,443,0,37,17
1584694050.942904,173.194.163.76,10.10.0.10,,,443,40826,0,1358,17
1584694050.949465,173.194.163.76,10.10.0.10,,,443,40826,0,1358,17
1584694050.951167,10.10.0.10,173.194.163.76,,,40826,443,0,37,17
1584694050.956005,173.194.163.76,10.10.0.10,,,443,40826,0,1358,17
1584694050.962558,173.194.163.76,10.10.0.10,,,443,40826,0,1358,17
1584694050.9643102,10.10.0.10,173.194.163.76,,,40826,443,0,37,17
1584694050.969107,173.194.163.76,10.10.0.10,,,443,40826,0,1358,17
1584694050.9756598,173.194.163.76,10.10.0.10,,,443,40826,0,1358,17
1584694050.9774358,10.10.0.10,173.194.163.76,,,40826,443,0,37,17
1584694050.982214,173.194.163.76,10.10.0.10,,,443,40826,0,1358,17
1584694050.988773,173.194.163.76,10.10.0.10,,,443,40826,0,1358,17
1584694050.990438,10.10.0.10,173.194.163.76,,,40826,443,0,37,17
1584694050.995305,173.194.163.76,10.10.0.10,,,443,40826,0,1358,17
1584694051.0018609,173.194.163.76,10.10.0.10,,,443,40826,0,1358,17
1584694051.005686,10.10.0.10,173.194.163.76,,,40826,443,0,37,17
1584694051.008411,173.194.163.76,10.10.0.10,,,443,40826,0,1358,17
1584694051.014959,173.194.163.76,10.10.0.10,,,443,40826,0,1358,17
1584694051.016662,10.10.0.10,173.194.163.76,,,40826,443,0,37,17
1584694051.021519,173.194.163.76,10.10.0.10,,,443,40826,0,1358,17
1584694051.0280552,173.194.163.76,10.10.0.10,,,443,40826,0,1358,17
1584694051.030918,10.10.0.10,173.194.163.76,,,40826,443,0,50,17
1584694051.034607,173.194.163.76,10.10.0.10,,,443,40826,0,1358,17
1584694051.0411599,173.194.163.76,10.10.0.10,,,443,40826,0,1358,17
1584694051.0430331,10.10.0.10,173.194.163.76,,,40826,443,0,37,17
1584694051.0477116,173.194.163.76,10.10.0.10,,,443,40826,0,1358,17
1584694051.0542624,173.194.163.76,10.10.0.10,,,443,40826,0,1358,17
1584694051.056169,10.10.0.10,173.194.163.76,,,40826,443,0,37,17
1584694051.060816,173.194.163.76,10.10.0.10,,,443,40826,0,1358,17
1584694051.067359,173.194.163.76,10.10.0.10,,,443,40826,0,1358,17
1584694051.0690384,10.10.0.10,173.194.163.76,,,40826,443,0,37,17
1584694051.0739162,173.194.163.76,10.10.0.10,,,443,40826,0,1358,17
1584694051.0804641,173.194.163.76,10.10.0.10,,,443,40826,0,1358,17
1584694051.0820382,10.10.0.10,173.194.163.76,,,40826,443,0,37,17
1584694051.087021,173.194.163.76,10.10.0.10,,,443,40826,0,1358,17
1584694051.0935662,173.194.163.76,10.10.0.10,,,443,40826,0,1358,17
1584694051.095033,10.10.0.10,173.194.163.76,,,40826,443,0,37,17
1584694051.1001134,173.194.163.76,10.10.0.10,,,443,40826,0,1358,17
1584694051.10667,173.194.163.76,10.10.0.10,,,443,40826,0,1358,17
1584694051.1099331,10.10.0.10,173.194.163.76,,,40826,443,0,37,17
1584694051.1132188,173.194.163.76,10.10.0.10,,,443,40826,0,1358,17
1584694051.1197698,173.194.163.76,10.10.0.10,,,443,40826,0,1358,17
1584694051.1212974,10.10.0.10,173.194.163.76,,,40826,443,0,37,17
1584694051.1263342,173.194.163.76,10.10.0.10,,,443,40826,0,1358,17
1584694051.1328714,173.194.163.76,10.10.0.10,,,443,40826,0,1358,17
1584694051.1345296,10.10.0.10,173.194.163.76,,,40826,443,0,37,17
1584694051.139418,173.194.163.76,10.10.0.10,,,443,40826,0,1358,17
1584694051.145969,173.194.163.76,10.10.0.10,,,443,40826,0,1358,17
1584694051.1475382,10.10.0.10,173.194.163.76,,,40826,443,0,37,17
1584694051.1525161,173.194.163.76,10.10.0.10,,,443,40826,0,1358,17
1584694051.1590712,173.194.163.76,10.10.0.10,,,443,40826,0,1358,17
1584694051.1605392,10.10.0.10,173.194.163.76,,,40826,443,0,37,17
1584694051.1656268,173.194.163.76,10.10.0.10,,,443,40826,0,1358,17
1584694051.17217,173.194.163.76,10.10.0.10,,,443,40826,0,1358,17
1584694051.173767,10.10.0.10,173.194.163.76,,,40826,443,0,37,17
1584694051.1787224,173.194.163.76,10.10.0.10,,,443,40826,0,1358,17
1584694051.185271,173.194.163.76,10.10.0.10,,,443,40826,0,1358,17
1584694051.187669,10.10.0.10,173.194.163.76,,,40826,443,0,37,17
1584694051.191821,173.194.163.76,10.10.0.10,,,443,40826,0,1358,17
1584694051.198369,173.194.163.76,10.10.0.10,,,443,40826,0,1358,17
1584694051.199889,10.10.0.10,173.194.163.76,,,40826,443,0,37,17
1584694051.2049189,173.194.163.76,10.10.0.10,,,443,40826,0,1358,17
1584694051.211477,173.194.163.76,10.10.0.10,,,443,40826,0,1358,17
1584694051.21287,10.10.0.10,173.194.163.76,,,40826,443,0,37,17
1584694051.2180269,173.194.163.76,10.10.0.10,,,443,40826,0,1358,17
1584694051.2245731,173.194.163.76,10.10.0.10,,,443,40826,0,1358,17
1584694051.2260401,10.10.0.10,173.194.163.76,,,40826,443,0,37,17
1584694051.231126,173.194.163.76,10.10.0.10,,,443,40826,0,1358,17
1584694051.2376802,173.194.163.76,10.10.0.10,,,443,40826,0,1358,17
1584694051.2391589,10.10.0.10,173.194.163.76,,,40826,443,0,37,17
1584694051.244227,173.194.163.76,10.10.0.10,,,443,40826,0,1358,17
1584694051.250783,173.194.163.76,10.10.0.10,,,443,40826,0,1358,17
1584694051.252305,10.10.0.10,173.194.163.76,,,40826,443,0,37,17
1584694051.2573366,173.194.163.76,10.10.0.10,,,443,40826,0,1358,17
1584694051.263892,173.194.163.76,10.10.0.10,,,443,40826,0,1358,17
1584694051.265664,10.10.0.10,173.194.163.76,,,40826,443,0,37,17
1584694051.2704532,173.194.163.76,10.10.0.10,,,443,40826,0,1358,17
1584694051.276985,173.194.163.76,10.10.0.10,,,443,40826,0,1358,17
1584694051.278401,10.10.0.10,173.194.163.76,,,40826,443,0,37,17
1584694051.283536,173.194.163.76,10.10.0.10,,,443,40826,0,1358,17
1584694051.290086,173.194.163.76,10.10.0.10,,,443,40826,0,1358,17
1584694051.2916794,10.10.0.10,173.194.163.76,,,40826,443,0,50,17
1584694051.2966409,173.194.163.76,10.10.0.10,,,443,40826,0,1358,17
1584694051.303205,173.194.163.76,10.10.0.10,,,443,40826,0,1358,17
1584694051.304929,10.10.0.10,173.194.163.76,,,40826,443,0,37,17
1584694051.3097384,173.194.163.76,10.10.0.10,,,443,40826,0,1358,17
1584694051.3162868,173.194.163.76,10.10.0.10,,,443,40826,0,1358,17
1584694051.3177822,10.10.0.10,173.194.163.76,,,40826,443,0,37,17
1584694051.322839,173.194.163.76,10.10.0.10,,,443,40826,0,1358,17
1584694051.329389,173.194.163.76,10.10.0.10,,,443,40826,0,1358,17
1584694051.3311558,10.10.0.10,173.194.163.76,,,40826,443,0,37,17
1584694051.3359554,173.194.163.76,10.10.0.10,,,443,40826,0,1358,17
1584694051.342491,173.194.163.76,10.10.0.10,,,443,40826,0,1358,17
1584694051.3441565,10.10.0.10,173.194.163.76,,,40826,443,0,37,17
1584694051.349041,173.194.163.76,10.10.0.10,,,443,40826,0,1358,17
1584694051.355594,173.194.163.76,10.10.0.10,,,443,40826,0,1358,17
1584694051.357281,10.10.0.10,173.194.163.76,,,40826,443,0,37,17
1584694051.362143,173.194.163.76,10.10.0.10,,,443,40826,0,1358,17
1584694051.3687036,173.194.163.76,10.10.0.10,,,443,40826,0,1358,17
1584694051.3715308,10.10.0.10,173.194.163.76,,,40826,443,0,37,17
1584694051.375244,173.194.163.76,10.10.0.10,,,443,40826,0,1358,17
1584694051.3817961,173.194.163.76,10.10.0.10,,,443,40826,0,1358,17
1584694051.3839068,10.10.0.10,173.194.163.76,,,40826,443,0,37,17
1584694051.3883412,173.194.163.76,10.10.0.10,,,443,40826,0,1358,17
1584694051.3948948,173.194.163.76,10.10.0.10,,,443,40826,0,1358,17
1584694051.3964038,10.10.0.10,173.194.163.76,,,40826,443,0,37,17
1584694051.4014509,173.194.163.76,10.10.0.10,,,443,40826,0,1358,17
1584694051.407992,173.194.163.76,10.10.0.10,,,443,40826,0,1358,17
1584694051.4094071,10.10.0.10,173.194.163.76,,,40826,443,0,37,17
1584694051.4145482,173.194.163.76,10.10.0.10,,,443,40826,0,1358,17
1584694051.421098,173.194.163.76,10.10.0.10,,,443,40826,0,1358,17
1584694051.4276528,173.194.163.76,10.10.0.10,,,443,40826,0,1358,17
1584694051.434199,173.194.163.76,10.10.0.10,,,443,40826,0,1358,17
1584694051.4407618,173.194.163.76,10.10.0.10,,,443,40826,0,1358,17
1584694051.4473212,173.194.163.76,10.10.0.10,,,443,40826,0,1358,17
1584694051.4485528,10.10.0.10,173.194.163.76,,,40826,443,0,37,17
1584694051.450403,10.10.0.10,173.194.163.76,,,40826,443,0,37,17
1584694051.452553,10.10.0.10,173.194.163.76,,,40826,443,0,37,17
1584694051.4538481,173.194.163.76,10.10.0.10,,,443,40826,0,1358,17
1584694051.460404,173.194.163.76,10.10.0.10,,,443,40826,0,1358,17
1584694051.4619238,10.10.0.10,173.194.163.76,,,40826,443,0,37,17
1584694051.466959,173.194.163.76,10.10.0.10,,,443,40826,0,1358,17
1584694051.47351,173.194.163.76,10.10.0.10,,,443,40826,0,1358,17
1584694051.475017,10.10.0.10,173.194.163.76,,,40826,443,0,37,17
1584694051.480073,173.194.163.76,10.10.0.10,,,443,40826,0,1358,17
1584694051.4866028,173.194.163.76,10.10.0.10,,,443,40826,0,1358,17
1584694051.488173,10.10.0.10,173.194.163.76,,,40826,443,0,37,17
1584694051.4931538,173.194.163.76,10.10.0.10,,,443,40826,0,1358,17
1584694051.499702,173.194.163.76,10.10.0.10,,,443,40826,0,1358,17
1584694051.501676,10.10.0.10,173.194.163.76,,,40826,443,0,37,17
1584694051.506259,173.194.163.76,10.10.0.10,,,443,40826,0,1358,17
1584694051.5128212,173.194.163.76,10.10.0.10,,,443,40826,0,1358,17
1584694051.5175269,10.10.0.10,173.194.163.76,,,40826,443,0,37,17
1584694051.5193582,173.194.163.76,10.10.0.10,,,443,40826,0,1358,17
1584694051.5259078,173.194.163.76,10.10.0.10,,,443,40826,0,1358,17
1584694051.5274198,10.10.0.10,173.194.163.76,,,40826,443,0,37,17
1584694051.532454,173.194.163.76,10.10.0.10,,,443,40826,0,1358,17
1584694051.539008,173.194.163.76,10.10.0.10,,,443,40826,0,1358,17
1584694051.540803,10.10.0.10,173.194.163.76,,,40826,443,0,37,17
1584694051.5455732,173.194.163.76,10.10.0.10,,,443,40826,0,1358,17
1584694051.5521052,173.194.163.76,10.10.0.10,,,443,40826,0,1358,17
1584694051.5540464,10.10.0.10,173.194.163.76,,,40826,443,0,50,17
1584694051.5586612,173.194.163.76,10.10.0.10,,,443,40826,0,1358,17
1584694051.5652099,173.194.163.76,10.10.0.10,,,443,40826,0,1358,17
1584694051.5717616,173.194.163.76,10.10.0.10,,,443,40826,0,1358,17
1584694051.5726528,10.10.0.10,173.194.163.76,,,40826,443,0,37,17
1584694051.5783238,173.194.163.76,10.10.0.10,,,443,40826,0,1358,17
1584694051.5802786,10.10.0.10,173.194.163.76,,,40826,443,0,37,17
1584694051.5848641,173.194.163.76,10.10.0.10,,,443,40826,0,1358,17
1584694051.591414,173.194.163.76,10.10.0.10,,,443,40826,0,1358,17
1584694051.593024,10.10.0.10,173.194.163.76,,,40826,443,0,37,17
1584694051.5979626,173.194.163.76,10.10.0.10,,,443,40826,0,1358,17
1584694051.6045148,173.194.163.76,10.10.0.10,,,443,40826,0,1358,17
1584694051.606424,10.10.0.10,173.194.163.76,,,40826,443,0,37,17
1584694051.611071,173.194.163.76,10.10.0.10,,,443,40826,0,1358,17
1584694051.6176288,173.194.163.76,10.10.0.10,,,443,40826,0,1358,17
1584694051.619999,10.10.0.10,173.194.163.76,,,40826,443,0,37,17
1584694051.6241686,173.194.163.76,10.10.0.10,,,443,40826,0,1358,17
1584694051.630716,173.194.163.76,10.10.0.10,,,443,40826,0,1358,17
1584694051.6323972,10.10.0.10,173.194.163.76,,,40826,443,0,37,17
1584694051.637266,173.194.163.76,10.10.0.10,,,443,40826,0,1358,17
1584694051.643821,173.194.163.76,10.10.0.10,,,443,40826,0,1358,17
1584694051.6455238,10.10.0.10,173.194.163.76,,,40826,443,0,37,17
1584694051.6503801,173.194.163.76,10.10.0.10,,,443,40826,0,1358,17
1584694051.656918,173.194.163.76,10.10.0.10,,,443,40826,0,1358,17
1584694051.6586668,10.10.0.10,173.194.163.76,,,40826,443,0,37,17
1584694051.66347,173.194.163.76,10.10.0.10,,,443,40826,0,1358,17
1584694051.670019,173.194.163.76,10.10.0.10,,,443,40826,0,1358,17
1584694051.671639,10.10.0.10,173.194.163.76,,,40826,443,0,37,17
1584694051.676574,173.194.163.76,10.10.0.10,,,443,40826,0,1358,17
1584694051.6831286,173.194.163.76,10.10.0.10,,,443,40826,0,1358,17
1584694051.6847706,10.10.0.10,173.194.163.76,,,40826,443,0,37,17
1584694051.6896908,173.194.163.76,10.10.0.10,,,443,40826,0,1358,17
1584694051.696223,173.194.163.76,10.10.0.10,,,443,40826,0,1358,17
1584694051.6979165,10.10.0.10,173.194.163.76,,,40826,443,0,37,17
1584694051.702773,173.194.163.76,10.10.0.10,,,443,40826,0,1358,17
1584694051.709325,173.194.163.76,10.10.0.10,,,443,40826,0,1358,17
1584694051.7110212,10.10.0.10,173.194.163.76,,,40826,443,0,37,17
1584694051.715878,173.194.163.76,10.10.0.10,,,443,40826,0,1358,17
1584694051.722441,173.194.163.76,10.10.0.10,,,443,40826,0,1358,17
1584694051.7242908,10.10.0.10,173.194.163.76,,,40826,443,0,37,17
1584694051.728976,173.194.163.76,10.10.0.10,,,443,40826,0,1358,17
1584694051.7355301,173.194.163.76,10.10.0.10,,,443,40826,0,1358,17
1584694051.737289,10.10.0.10,173.194.163.76,,,40826,443,0,37,17
1584694051.7420778,173.194.163.76,10.10.0.10,,,443,40826,0,1358,17
1584694051.748628,173.194.163.76,10.10.0.10,,,443,40826,0,1358,17
1584694051.7503948,10.10.0.10,173.194.163.76,,,40826,443,0,37,17
1584694051.755192,173.194.163.76,10.10.0.10,,,443,40826,0,1358,17
1584694051.761729,173.194.163.76,10.10.0.10,,,443,40826,0,1358,17
1584694051.763415,10.10.0.10,173.194.163.76,,,40826,443,0,37,17
1584694051.7682786,173.194.163.76,10.10.0.10,,,443,40826,0,1358,17
1584694051.7748294,173.194.163.76,10.10.0.10,,,443,40826,0,1358,17
1584694051.7765384,10.10.0.10,173.194.163.76,,,40826,443,0,37,17
1584694051.781382,173.194.163.76,10.10.0.10,,,443,40826,0,1358,17
1584694051.7879472,173.194.163.76,10.10.0.10,,,443,40826,0,1358,17
1584694051.789665,10.10.0.10,173.194.163.76,,,40826,443,0,37,17
1584694051.79448,173.194.163.76,10.10.0.10,,,443,40826,0,1358,17
1584694051.801032,173.194.163.76,10.10.0.10,,,443,40826,0,1358,17
1584694051.802647,10.10.0.10,173.194.163.76,,,40826,443,0,37,17
1584694051.807587,173.194.163.76,10.10.0.10,,,443,40826,0,1358,17
1584694051.8141315,173.194.163.76,10.10.0.10,,,443,40826,0,1358,17
1584694051.816777,10.10.0.10,173.194.163.76,,,40826,443,0,50,17
1584694051.820694,173.194.163.76,10.10.0.10,,,443,40826,0,1358,17
1584694051.82725,173.194.163.76,10.10.0.10,,,443,40826,0,1358,17
1584694051.828913,10.10.0.10,173.194.163.76,,,40826,443,0,37,17
1584694051.833787,173.194.163.76,10.10.0.10,,,443,40826,0,1358,17
1584694051.8403358,173.194.163.76,10.10.0.10,,,443,40826,0,1358,17
1584694051.841913,10.10.0.10,173.194.163.76,,,40826,443,0,37,17
1584694051.8468866,173.194.163.76,10.10.0.10,,,443,40826,0,1358,17
1584694051.853442,173.194.163.76,10.10.0.10,,,443,40826,0,1358,17
1584694051.8552668,10.10.0.10,173.194.163.76,,,40826,443,0,37,17
1584694051.859984,173.194.163.76,10.10.0.10,,,443,40826,0,1358,17
1584694051.8665378,173.194.163.76,10.10.0.10,,,443,40826,0,1358,17
1584694051.8683536,10.10.0.10,173.194.163.76,,,40826,443,0,37,17
1584694051.873089,173.194.163.76,10.10.0.10,,,443,40826,0,1358,17
1584694051.8796382,173.194.163.76,10.10.0.10,,,443,40826,0,1358,17
1584694051.881266,10.10.0.10,173.194.163.76,,,40826,443,0,37,17
1584694051.886185,173.194.163.76,10.10.0.10,,,443,40826,0,1358,17
1584694051.89275,173.194.163.76,10.10.0.10,,,443,40826,0,1358,17
1584694051.894768,10.10.0.10,173.194.163.76,,,40826,443,0,37,17
1584694051.8993108,173.194.163.76,10.10.0.10,,,443,40826,0,1358,17
1584694051.90584,173.194.163.76,10.10.0.10,,,443,40826,0,1358,17
1584694051.9075172,10.10.0.10,173.194.163.76,,,40826,443,0,37,17
1584694051.912387,173.194.163.76,10.10.0.10,,,443,40826,0,1358,17
1584694051.9189448,173.194.163.76,10.10.0.10,,,443,40826,0,1358,17
1584694051.9209082,10.10.0.10,173.194.163.76,,,40826,443,0,37,17
1584694051.925498,173.194.163.76,10.10.0.10,,,443,40826,0,1358,17
1584694051.9320452,173.194.163.76,10.10.0.10,,,443,40826,0,1358,17
1584694051.9339118,10.10.0.10,173.194.163.76,,,40826,443,0,37,17
1584694051.9385948,173.194.163.76,10.10.0.10,,,443,40826,0,1358,17
1584694051.945145,173.194.163.76,10.10.0.10,,,443,40826,0,1358,17
1584694051.946888,10.10.0.10,173.194.163.76,,,40826,443,0,37,17
1584694051.951691,173.194.163.76,10.10.0.10,,,443,40826,0,1358,17
1584694051.9582472,173.194.163.76,10.10.0.10,,,443,40826,0,1358,17
1584694051.9599092,10.10.0.10,173.194.163.76,,,40826,443,0,37,17
1584694051.9647946,173.194.163.76,10.10.0.10,,,443,40826,0,1358,17
1584694051.9713476,173.194.163.76,10.10.0.10,,,443,40826,0,1358,17
1584694051.9730349,10.10.0.10,173.194.163.76,,,40826,443,0,37,17
1584694051.9779012,173.194.163.76,10.10.0.10,,,443,40826,0,1358,17
1584694051.98445,173.194.163.76,10.10.0.10,,,443,40826,0,1358,17
1584694051.986161,10.10.0.10,173.194.163.76,,,40826,443,0,37,17
1584694051.990994,173.194.163.76,10.10.0.10,,,443,40826,0,1358,17
1584694051.99756,173.194.163.76,10.10.0.10,,,443,40826,0,1358,17
1584694051.999138,10.10.0.10,173.194.163.76,,,40826,443,0,37,17
1584694052.004103,173.194.163.76,10.10.0.10,,,443,40826,0,1358,17
1584694052.01065,173.194.163.76,10.10.0.10,,,443,40826,0,1358,17
1584694052.0122552,10.10.0.10,173.194.163.76,,,40826,443,0,37,17
1584694052.0172,173.194.163.76,10.10.0.10,,,443,40826,0,1358,17
1584694052.023751,173.194.163.76,10.10.0.10,,,443,40826,0,1358,17
1584694052.0268602,10.10.0.10,173.194.163.76,,,40826,443,0,37,17
1584694052.0303102,173.194.163.76,10.10.0.10,,,443,40826,0,1358,17
1584694052.03685,173.194.163.76,10.10.0.10,,,443,40826,0,1358,17
1584694052.0383642,10.10.0.10,173.194.163.76,,,40826,443,0,37,17
1584694052.0434,173.194.163.76,10.10.0.10,,,443,40826,0,1358,17
1584694052.0499492,173.194.163.76,10.10.0.10,,,443,40826,0,1358,17
1584694052.0514948,10.10.0.10,173.194.163.76,,,40826,443,0,37,17
1584694052.0565012,173.194.163.76,10.10.0.10,,,443,40826,0,1358,17
1584694052.0630622,173.194.163.76,10.10.0.10,,,443,40826,0,1358,17
1584694052.0655332,10.10.0.10,173.194.163.76,,,40826,443,0,37,17
1584694052.0696268,173.194.163.76,10.10.0.10,,,443,40826,0,1358,17
1584694052.076153,173.194.163.76,10.10.0.10,,,443,40826,0,1358,17
1584694052.0777812,10.10.0.10,173.194.163.76,,,40826,443,0,50,17
1584694052.082706,173.194.163.76,10.10.0.10,,,443,40826,0,1358,17
1584694052.0892599,173.194.163.76,10.10.0.10,,,443,40826,0,1358,17
1584694052.0907538,10.10.0.10,173.194.163.76,,,40826,443,0,37,17
1584694052.0958052,173.194.163.76,10.10.0.10,,,443,40826,0,1358,17
1584694052.1023548,173.194.163.76,10.10.0.10,,,443,40826,0,1358,17
1584694052.1044931,10.10.0.10,173.194.163.76,,,40826,443,0,37,17
1584694052.1089182,173.194.163.76,10.10.0.10,,,443,40826,0,1358,17
1584694052.1154542,173.194.163.76,10.10.0.10,,,443,40826,0,1358,17
1584694052.1172602,10.10.0.10,173.194.163.76,,,40826,443,0,37,17
1584694052.122011,173.194.163.76,10.10.0.10,,,443,40826,0,1358,17
1584694052.128561,173.194.163.76,10.10.0.10,,,443,40826,0,1358,17
1584694052.132405,10.10.0.10,173.194.163.76,,,40826,443,0,37,17
1584694052.135116,173.194.163.76,10.10.0.10,,,443,40826,0,1358,17
1584694052.1416578,173.194.163.76,10.10.0.10,,,443,40826,0,1358,17
1584694052.1437302,10.10.0.10,173.194.163.76,,,40826,443,0,37,17
1584694052.1482108,173.194.163.76,10.10.0.10,,,443,40826,0,1358,17
1584694052.1547554,173.194.163.76,10.10.0.10,,,443,40826,0,1358,17
1584694052.156729,10.10.0.10,173.194.163.76,,,40826,443,0,37,17
1584694052.161308,173.194.163.76,10.10.0.10,,,443,40826,0,1358,17
1584694052.1678598,173.194.163.76,10.10.0.10,,,443,40826,0,1358,17
1584694052.169518,10.10.0.10,173.194.163.76,,,40826,443,0,37,17
1584694052.1744108,173.194.163.76,10.10.0.10,,,443,40826,0,1358,17
1584694052.180969,173.194.163.76,10.10.0.10,,,443,40826,0,1358,17
1584694052.182496,10.10.0.10,173.194.163.76,,,40826,443,0,37,17
1584694052.187512,173.194.163.76,10.10.0.10,,,443,40826,0,1358,17
1584694052.1940699,173.194.163.76,10.10.0.10,,,443,40826,0,1358,17
1584694052.1957624,10.10.0.10,173.194.163.76,,,40826,443,0,37,17
1584694052.200615,173.194.163.76,10.10.0.10,,,443,40826,0,1358,17
1584694052.2071779,173.194.163.76,10.10.0.10,,,443,40826,0,1358,17
1584694052.2087572,10.10.0.10,173.194.163.76,,,40826,443,0,37,17
1584694052.2137172,173.194.163.76,10.10.0.10,,,443,40826,0,1358,17
1584694052.2202652,173.194.163.76,10.10.0.10,,,443,40826,0,1358,17
1584694052.221718,10.10.0.10,173.194.163.76,,,40826,443,0,37,17
1584694052.2268188,173.194.163.76,10.10.0.10,,,443,40826,0,1358,17
1584694052.233368,173.194.163.76,10.10.0.10,,,443,40826,0,1358,17
1584694052.2348616,10.10.0.10,173.194.163.76,,,40826,443,0,37,17
1584694052.2399411,173.194.163.76,10.10.0.10,,,443,40826,0,1358,17
1584694052.246489,173.194.163.76,10.10.0.10,,,443,40826,0,1358,17
1584694052.2484028,10.10.0.10,173.194.163.76,,,40826,443,0,37,17
1584694052.2530222,173.194.163.76,10.10.0.10,,,443,40826,0,1358,17
1584694052.2595718,173.194.163.76,10.10.0.10,,,443,40826,0,1358,17
1584694052.261776,10.10.0.10,173.194.163.76,,,40826,443,0,37,17
1584694052.266118,173.194.163.76,10.10.0.10,,,443,40826,0,1358,17
1584694052.27268,173.194.163.76,10.10.0.10,,,443,40826,0,1358,17
1584694052.274129,10.10.0.10,173.194.163.76,,,40826,443,0,37,17
1584694052.279237,173.194.163.76,10.10.0.10,,,443,40826,0,1358,17
1584694052.285774,173.194.163.76,10.10.0.10,,,443,40826,0,1358,17
1584694052.2879708,10.10.0.10,173.194.163.76,,,40826,443,0,37,17
1584694052.292327,173.194.163.76,10.10.0.10,,,443,40826,0,1358,17
1584694052.298877,173.194.163.76,10.10.0.10,,,443,40826,0,1358,17
1584694052.300496,10.10.0.10,173.194.163.76,,,40826,443,0,37,17
1584694052.3054268,173.194.163.76,10.10.0.10,,,443,40826,0,1358,17
1584694052.311976,173.194.163.76,10.10.0.10,,,443,40826,0,732,17
1584694052.3135269,10.10.0.10,173.194.163.76,,,40826,443,0,37,17
1584694052.3621519,10.10.0.10,173.194.163.76,,,40826,443,0,725,17
1584694052.3621788,10.10.0.10,173.194.163.76,,,40826,443,0,48,17
1584694052.3665082,173.194.163.76,10.10.0.10,,,443,40826,0,115,17
1584694052.3665378,173.194.163.76,10.10.0.10,,,443,40826,0,1358,17
1584694052.366562,173.194.163.76,10.10.0.10,,,443,40826,0,1358,17
1584694052.3686268,10.10.0.10,173.194.163.76,,,40826,443,0,37,17
1584694052.372802,173.194.163.76,10.10.0.10,,,443,40826,0,1358,17
1584694052.3757722,10.10.0.10,173.194.163.76,,,40826,443,0,37,17
1584694052.3793411,173.194.163.76,10.10.0.10,,,443,40826,0,1358,17
1584694052.3847554,10.10.0.10,173.194.163.76,,,40826,443,0,729,17
1584694052.385149,10.10.0.10,173.194.163.76,,,40826,443,0,48,17
1584694052.385892,173.194.163.76,10.10.0.10,,,443,40826,0,1358,17
1584694052.3924372,173.194.163.76,10.10.0.10,,,443,40826,0,1358,17
1584694052.3941429,10.10.0.10,173.194.163.76,,,40826,443,0,37,17
1584694052.398994,173.194.163.76,10.10.0.10,,,443,40826,0,1358,17
1584694052.405549,173.194.163.76,10.10.0.10,,,443,40826,0,1358,17
1584694052.4072714,10.10.0.10,173.194.163.76,,,40826,443,0,37,17
1584694052.4120884,173.194.163.76,10.10.0.10,,,443,40826,0,1358,17
1584694052.4186418,173.194.163.76,10.10.0.10,,,443,40826,0,1358,17
1584694052.420651,10.10.0.10,173.194.163.76,,,40826,443,0,37,17
1584694052.42519,173.194.163.76,10.10.0.10,,,443,40826,0,1358,17
1584694052.4317439,173.194.163.76,10.10.0.10,,,443,40826,0,1358,17
1584694052.43801,10.10.0.10,173.194.163.76,,,40826,443,0,37,17
1584694052.4382918,173.194.163.76,10.10.0.10,,,443,40826,0,1358,17
1584694052.444864,173.194.163.76,10.10.0.10,,,443,40826,0,1358,17
1584694052.446395,10.10.0.10,173.194.163.76,,,40826,443,0,37,17
1584694052.451391,173.194.163.76,10.10.0.10,,,443,40826,0,1358,17
1584694052.457951,173.194.163.76,10.10.0.10,,,443,40826,0,1358,17
1584694052.4596472,10.10.0.10,173.194.163.76,,,40826,443,0,37,17
1584694052.4644976,173.194.163.76,10.10.0.10,,,443,40826,0,1358,17
1584694052.471051,173.194.163.76,10.10.0.10,,,443,40826,0,1358,17
1584694052.472624,10.10.0.10,173.194.163.76,,,40826,443,0,37,17
1584694052.4776125,173.194.163.76,10.10.0.10,,,443,40826,0,1358,17
1584694052.4841714,173.194.163.76,10.10.0.10,,,443,40826,0,1358,17
1584694052.485626,10.10.0.10,173.194.163.76,,,40826,443,0,37,17
1584694052.4907002,173.194.163.76,10.10.0.10,,,443,40826,0,1358,17
1584694052.4972508,173.194.163.76,10.10.0.10,,,443,40826,0,1358,17
1584694052.4991224,10.10.0.10,173.194.163.76,,,40826,443,0,37,17
1584694052.5038042,173.194.163.76,10.10.0.10,,,443,40826,0,1358,17
1584694052.510356,173.194.163.76,10.10.0.10,,,443,40826,0,1358,17
1584694052.5118759,10.10.0.10,173.194.163.76,,,40826,443,0,37,17
1584694052.5168982,173.194.163.76,10.10.0.10,,,443,40826,0,1358,17
1584694052.5234532,173.194.163.76,10.10.0.10,,,443,40826,0,1358,17
1584694052.525017,10.10.0.10,173.194.163.76,,,40826,443,0,37,17
1584694052.530786,173.194.163.76,10.10.0.10,,,443,40826,0,1358,17
1584694052.5373552,173.194.163.76,10.10.0.10,,,443,40826,0,1358,17
1584694052.541374,10.10.0.10,173.194.163.76,,,40826,443,0,37,17
1584694052.5439172,173.194.163.76,10.10.0.10,,,443,40826,0,1358,17
1584694052.550446,173.194.163.76,10.10.0.10,,,443,40826,0,1358,17
1584694052.552247,10.10.0.10,173.194.163.76,,,40826,443,0,37,17
1584694052.556996,173.194.163.76,10.10.0.10,,,443,40826,0,1358,17
1584694052.56355,173.194.163.76,10.10.0.10,,,443,40826,0,1358,17
1584694052.5651212,10.10.0.10,173.194.163.76,,,40826,443,0,37,17
1584694052.5700939,173.194.163.76,10.10.0.10,,,443,40826,0,1358,17
1584694052.57665,173.194.163.76,10.10.0.10,,,443,40826,0,1358,17
1584694052.5784009,10.10.0.10,173.194.163.76,,,40826,443,0,37,17
1584694052.5832,173.194.163.76,10.10.0.10,,,443,40826,0,1358,17
1584694052.589751,173.194.163.76,10.10.0.10,,,443,40826,0,1358,17
1584694052.5914,10.10.0.10,173.194.163.76,,,40826,443,0,37,17
1584694052.596303,173.194.163.76,10.10.0.10,,,443,40826,0,1358,17
1584694052.6028528,173.194.163.76,10.10.0.10,,,443,40826,0,1358,17
1584694052.6044948,10.10.0.10,173.194.163.76,,,40826,443,0,37,17
1584694052.6094189,173.194.163.76,10.10.0.10,,,443,40826,0,1358,17
1584694052.615951,173.194.163.76,10.10.0.10,,,443,40826,0,1358,17
1584694052.6182668,10.10.0.10,173.194.163.76,,,40826,443,0,37,17
1584694052.6225052,173.194.163.76,10.10.0.10,,,443,40826,0,1358,17
1584694052.629055,173.194.163.76,10.10.0.10,,,443,40826,0,1358,17
1584694052.6310098,10.10.0.10,173.194.163.76,,,40826,443,0,37,17
1584694052.635603,173.194.163.76,10.10.0.10,,,443,40826,0,1358,17
1584694052.642167,173.194.163.76,10.10.0.10,,,443,40826,0,1358,17
1584694052.644016,10.10.0.10,173.194.163.76,,,40826,443,0,50,17
1584694052.64871,173.194.163.76,10.10.0.10,,,443,40826,0,1358,17
1584694052.655256,173.194.163.76,10.10.0.10,,,443,40826,0,1358,17
1584694052.6570141,10.10.0.10,173.194.163.76,,,40826,443,0,37,17
1584694052.661806,173.194.163.76,10.10.0.10,,,443,40826,0,1358,17
1584694052.6683571,173.194.163.76,10.10.0.10,,,443,40826,0,1358,17
1584694052.669993,10.10.0.10,173.194.163.76,,,40826,443,0,37,17
1584694052.6749172,173.194.163.76,10.10.0.10,,,443,40826,0,1358,17
1584694052.68146,173.194.163.76,10.10.0.10,,,443,40826,0,1358,17
1584694052.6831384,10.10.0.10,173.194.163.76,,,40826,443,0,37,17
1584694052.688011,173.194.163.76,10.10.0.10,,,443,40826,0,1358,17
1584694052.694558,173.194.163.76,10.10.0.10,,,443,40826,0,1358,17
1584694052.696222,10.10.0.10,173.194.163.76,,,40826,443,0,37,17
1584694052.7011092,173.194.163.76,10.10.0.10,,,443,40826,0,1358,17
1584694052.707665,173.194.163.76,10.10.0.10,,,443,40826,0,1358,17
1584694052.714226,173.194.163.76,10.10.0.10,,,443,40826,0,1358,17
1584694052.720762,173.194.163.76,10.10.0.10,,,443,40826,0,1358,17
1584694052.7273116,173.194.163.76,10.10.0.10,,,443,40826,0,1358,17
1584694052.729512,10.10.0.10,173.194.163.76,,,40826,443,0,37,17
1584694052.7301419,10.10.0.10,173.194.163.76,,,40826,443,0,37,17
1584694052.734783,173.194.163.76,10.10.0.10,,,443,40826,0,1358,17
1584694052.7366161,10.10.0.10,173.194.163.76,,,40826,443,0,37,17
1584694052.740416,173.194.163.76,10.10.0.10,,,443,40826,0,1358,17
1584694052.746973,173.194.163.76,10.10.0.10,,,443,40826,0,1358,17
1584694052.748609,10.10.0.10,173.194.163.76,,,40826,443,0,37,17
1584694052.753536,173.194.163.76,10.10.0.10,,,443,40826,0,1358,17
1584694052.760066,173.194.163.76,10.10.0.10,,,443,40826,0,1358,17
1584694052.7617636,10.10.0.10,173.194.163.76,,,40826,443,0,37,17
1584694052.766617,173.194.163.76,10.10.0.10,,,443,40826,0,1358,17
1584694052.773162,173.194.163.76,10.10.0.10,,,443,40826,0,1358,17
1584694052.77489,10.10.0.10,173.194.163.76,,,40826,443,0,37,17
1584694052.779712,173.194.163.76,10.10.0.10,,,443,40826,0,1358,17
1584694052.7862668,173.194.163.76,10.10.0.10,,,443,40826,0,1358,17
1584694052.7878685,10.10.0.10,173.194.163.76,,,40826,443,0,37,17
1584694052.7928195,173.194.163.76,10.10.0.10,,,443,40826,0,1358,17
1584694052.7993689,173.194.163.76,10.10.0.10,,,443,40826,0,1358,17
1584694052.8010151,10.10.0.10,173.194.163.76,,,40826,443,0,37,17
1584694052.80592,173.194.163.76,10.10.0.10,,,443,40826,0,1358,17
1584694052.812474,173.194.163.76,10.10.0.10,,,443,40826,0,1358,17
1584694052.814266,10.10.0.10,173.194.163.76,,,40826,443,0,37,17
1584694052.8190372,173.194.163.76,10.10.0.10,,,443,40826,0,1358,17
1584694052.8255732,173.194.163.76,10.10.0.10,,,443,40826,0,1358,17
1584694052.827256,10.10.0.10,173.194.163.76,,,40826,443,0,37,17
1584694052.8321226,173.194.163.76,10.10.0.10,,,443,40826,0,1358,17
1584694052.8386712,173.194.163.76,10.10.0.10,,,443,40826,0,1358,17
1584694052.840386,10.10.0.10,173.194.163.76,,,40826,443,0,37,17
1584694052.845223,173.194.163.76,10.10.0.10,,,443,40826,0,1358,17
1584694052.851786,173.194.163.76,10.10.0.10,,,443,40826,0,1358,17
1584694052.8536134,10.10.0.10,173.194.163.76,,,40826,443,0,37,17
1584694052.8583322,173.194.163.76,10.10.0.10,,,443,40826,0,1358,17
1584694052.864871,173.194.163.76,10.10.0.10,,,443,40826,0,1358,17
1584694052.8678892,10.10.0.10,173.194.163.76,,,40826,443,0,37,17
1584694052.8714278,173.194.163.76,10.10.0.10,,,443,40826,0,1358,17
1584694052.877986,173.194.163.76,10.10.0.10,,,443,40826,0,1358,17
1584694052.879634,10.10.0.10,173.194.163.76,,,40826,443,0,37,17
1584694052.884522,173.194.163.76,10.10.0.10,,,443,40826,0,1358,17
1584694052.891077,173.194.163.76,10.10.0.10,,,443,40826,0,1358,17
1584694052.8928661,10.10.0.10,173.194.163.76,,,40826,443,0,37,17
1584694052.8976278,173.194.163.76,10.10.0.10,,,443,40826,0,1358,17
1584694052.9041786,173.194.163.76,10.10.0.10,,,443,40826,0,1358,17
1584694052.905738,10.10.0.10,173.194.163.76,,,40826,443,0,50,17
1584694052.9107301,173.194.163.76,10.10.0.10,,,443,40826,0,1358,17
1584694052.9172838,173.194.163.76,10.10.0.10,,,443,40826,0,1358,17
1584694052.919009,10.10.0.10,173.194.163.76,,,40826,443,0,37,17
1584694052.9238448,173.194.163.76,10.10.0.10,,,443,40826,0,1358,17
1584694052.930379,173.194.163.76,10.10.0.10,,,443,40826,0,1358,17
1584694052.9318619,10.10.0.10,173.194.163.76,,,40826,443,0,37,17
1584694052.9369318,173.194.163.76,10.10.0.10,,,443,40826,0,1358,17
1584694052.943481,173.194.163.76,10.10.0.10,,,443,40826,0,1358,17
1584694052.945384,10.10.0.10,173.194.163.76,,,40826,443,0,37,17
1584694052.9500349,173.194.163.76,10.10.0.10,,,443,40826,0,1358,17
1584694052.956594,173.194.163.76,10.10.0.10,,,443,40826,0,1358,17
1584694052.9582589,10.10.0.10,173.194.163.76,,,40826,443,0,37,17
1584694052.9631555,173.194.163.76,10.10.0.10,,,443,40826,0,1358,17
1584694052.969685,173.194.163.76,10.10.0.10,,,443,40826,0,1358,17
1584694052.9713812,10.10.0.10,173.194.163.76,,,40826,443,0,37,17
1584694052.976231,173.194.163.76,10.10.0.10,,,443,40826,0,1358,17
1584694052.982787,173.194.163.76,10.10.0.10,,,443,40826,0,1358,17
1584694052.985112,10.10.0.10,173.194.163.76,,,40826,443,0,37,17
1584694052.9893315,173.194.163.76,10.10.0.10,,,443,40826,0,1358,17
1584694052.9959052,173.194.163.76,10.10.0.10,,,443,40826,0,1358,17
1584694052.9974859,10.10.0.10,173.194.163.76,,,40826,443,0,37,17
1584694053.002432,173.194.163.76,10.10.0.10,,,443,40826,0,1358,17
1584694053.008987,173.194.163.76,10.10.0.10,,,443,40826,0,1358,17
1584694053.010625,10.10.0.10,173.194.163.76,,,40826,443,0,37,17
1584694053.0155401,173.194.163.76,10.10.0.10,,,443,40826,0,1358,17
1584694053.0220852,173.194.163.76,10.10.0.10,,,443,40826,0,1358,17
1584694053.0238788,10.10.0.10,173.194.163.76,,,40826,443,0,37,17
1584694053.028639,173.194.163.76,10.10.0.10,,,443,40826,0,1358,17
1584694053.035191,173.194.163.76,10.10.0.10,,,443,40826,0,1358,17
1584694053.0369868,10.10.0.10,173.194.163.76,,,40826,443,0,37,17
1584694053.0417366,173.194.163.76,10.10.0.10,,,443,40826,0,1358,17
1584694053.048286,173.194.163.76,10.10.0.10,,,443,40826,0,1358,17
1584694053.0524776,10.10.0.10,173.194.163.76,,,40826,443,0,37,17
1584694053.05484,173.194.163.76,10.10.0.10,,,443,40826,0,1358,17
1584694053.0613885,173.194.163.76,10.10.0.10,,,443,40826,0,1358,17
1584694053.06282,10.10.0.10,173.194.163.76,,,40826,443,0,37,17
1584694053.067958,173.194.163.76,10.10.0.10,,,443,40826,0,1358,17
1584694053.074498,173.194.163.76,10.10.0.10,,,443,40826,0,1358,17
1584694053.076261,10.10.0.10,173.194.163.76,,,40826,443,0,37,17
1584694053.0810428,173.194.163.76,10.10.0.10,,,443,40826,0,1358,17
1584694053.0875962,173.194.163.76,10.10.0.10,,,443,40826,0,1358,17
1584694053.0891054,10.10.0.10,173.194.163.76,,,40826,443,0,37,17
1584694053.0941439,173.194.163.76,10.10.0.10,,,443,40826,0,1358,17
1584694053.100698,173.194.163.76,10.10.0.10,,,443,40826,0,1358,17
1584694053.10245,10.10.0.10,173.194.163.76,,,40826,443,0,37,17
1584694053.1072464,173.194.163.76,10.10.0.10,,,443,40826,0,1358,17
1584694053.1137958,173.194.163.76,10.10.0.10,,,443,40826,0,1358,17
1584694053.115851,10.10.0.10,173.194.163.76,,,40826,443,0,37,17
1584694053.1203392,173.194.163.76,10.10.0.10,,,443,40826,0,1358,17
1584694053.1268964,173.194.163.76,10.10.0.10,,,443,40826,0,1358,17
1584694053.128617,10.10.0.10,173.194.163.76,,,40826,443,0,37,17
1584694053.1334438,173.194.163.76,10.10.0.10,,,443,40826,0,1358,17
1584694053.1399946,173.194.163.76,10.10.0.10,,,443,40826,0,1358,17
1584694053.14223,10.10.0.10,173.194.163.76,,,40826,443,0,37,17
1584694053.1465476,173.194.163.76,10.10.0.10,,,443,40826,0,1358,17
1584694053.1530988,173.194.163.76,10.10.0.10,,,443,40826,0,1358,17
1584694053.157232,10.10.0.10,173.194.163.76,,,40826,443,0,37,17
1584694053.159647,173.194.163.76,10.10.0.10,,,443,40826,0,1358,17
1584694053.166196,173.194.163.76,10.10.0.10,,,443,40826,0,1358,17
1584694053.167696,10.10.0.10,173.194.163.76,,,40826,443,0,50,17
1584694053.17275,173.194.163.76,10.10.0.10,,,443,40826,0,1358,17
1584694053.1792989,173.194.163.76,10.10.0.10,,,443,40826,0,1358,17
1584694053.1808748,10.10.0.10,173.194.163.76,,,40826,443,0,37,17
1584694053.1858509,173.194.163.76,10.10.0.10,,,443,40826,0,1358,17
1584694053.1924,173.194.163.76,10.10.0.10,,,443,40826,0,1358,17
1584694053.194129,10.10.0.10,173.194.163.76,,,40826,443,0,37,17
1584694053.19895,173.194.163.76,10.10.0.10,,,443,40826,0,1358,17
1584694053.2055068,173.194.163.76,10.10.0.10,,,443,40826,0,29,17
1584694053.205793,173.194.163.76,10.10.0.10,,,443,40826,0,1358,17
1584694053.207625,10.10.0.10,173.194.163.76,,,40826,443,0,37,17
1584694053.212358,173.194.163.76,10.10.0.10,,,443,40826,0,1358,17
1584694053.2189028,173.194.163.76,10.10.0.10,,,443,40826,0,1358,17
1584694053.2207394,10.10.0.10,173.194.163.76,,,40826,443,0,37,17
1584694053.2254488,173.194.163.76,10.10.0.10,,,443,40826,0,1358,17
1584694053.232,173.194.163.76,10.10.0.10,,,443,40826,0,1358,17
1584694053.233598,10.10.0.10,173.194.163.76,,,40826,443,0,37,17
1584694053.2385519,173.194.163.76,10.10.0.10,,,443,40826,0,1358,17
1584694053.245105,173.194.163.76,10.10.0.10,,,443,40826,0,1358,17
1584694053.246598,10.10.0.10,173.194.163.76,,,40826,443,0,37,17
1584694053.25165,173.194.163.76,10.10.0.10,,,443,40826,0,1358,17
1584694053.258209,173.194.163.76,10.10.0.10,,,443,40826,0,1358,17
1584694053.259961,10.10.0.10,173.194.163.76,,,40826,443,0,37,17
1584694053.2647538,173.194.163.76,10.10.0.10,,,443,40826,0,1358,17
1584694053.2713082,173.194.163.76,10.10.0.10,,,443,40826,0,1358,17
1584694053.2727358,10.10.0.10,173.194.163.76,,,40826,443,0,37,17
1584694053.277857,173.194.163.76,10.10.0.10,,,443,40826,0,1358,17
1584694053.2844052,173.194.163.76,10.10.0.10,,,443,40826,0,1358,17
1584694053.285977,10.10.0.10,173.194.163.76,,,40826,443,0,37,17
1584694053.2909591,173.194.163.76,10.10.0.10,,,443,40826,0,1358,17
1584694053.2975235,173.194.163.76,10.10.0.10,,,443,40826,0,1358,17
1584694053.29913,10.10.0.10,173.194.163.76,,,40826,443,0,37,17
1584694053.304069,173.194.163.76,10.10.0.10,,,443,40826,0,1358,17
1584694053.310615,173.194.163.76,10.10.0.10,,,443,40826,0,1358,17
1584694053.312368,10.10.0.10,173.194.163.76,,,40826,443,0,37,17
1584694053.317158,173.194.163.76,10.10.0.10,,,443,40826,0,1358,17
1584694053.323708,173.194.163.76,10.10.0.10,,,443,40826,0,1358,17
1584694053.325247,10.10.0.10,173.194.163.76,,,40826,443,0,37,17
1584694053.3302732,173.194.163.76,10.10.0.10,,,443,40826,0,1358,17
1584694053.3368132,173.194.163.76,10.10.0.10,,,443,40826,0,1358,17
1584694053.338375,10.10.0.10,173.194.163.76,,,40826,443,0,37,17
1584694053.343359,173.194.163.76,10.10.0.10,,,443,40826,0,1358,17
1584694053.3499148,173.194.163.76,10.10.0.10,,,443,40826,0,1358,17
1584694053.35162,10.10.0.10,173.194.163.76,,,40826,443,0,37,17
1584694053.3564649,173.194.163.76,10.10.0.10,,,443,40826,0,1358,17
1584694053.363022,173.194.163.76,10.10.0.10,,,443,40826,0,1358,17
1584694053.3647466,10.10.0.10,173.194.163.76,,,40826,443,0,37,17
1584694053.3695822,173.194.163.76,10.10.0.10,,,443,40826,0,1358,17
1584694053.3761182,173.194.163.76,10.10.0.10,,,443,40826,0,1358,17
1584694053.377975,10.10.0.10,173.194.163.76,,,40826,443,0,37,17
1584694053.3826668,173.194.163.76,10.10.0.10,,,443,40826,0,1358,17
1584694053.3892221,173.194.163.76,10.10.0.10,,,443,40826,0,1358,17
1584694053.390872,10.10.0.10,173.194.163.76,,,40826,443,0,37,17
1584694053.3957708,173.194.163.76,10.10.0.10,,,443,40826,0,1358,17
1584694053.402316,173.194.163.76,10.10.0.10,,,443,40826,0,1358,17
1584694053.4039721,10.10.0.10,173.194.163.76,,,40826,443,0,37,17
1584694053.408865,173.194.163.76,10.10.0.10,,,443,40826,0,1358,17
1584694053.415416,173.194.163.76,10.10.0.10,,,443,40826,0,1358,17
1584694053.417222,10.10.0.10,173.194.163.76,,,40826,443,0,37,17
1584694053.421968,173.194.163.76,10.10.0.10,,,443,40826,0,1358,17
1584694053.4285223,173.194.163.76,10.10.0.10,,,443,40826,0,1358,17
1584694053.431103,10.10.0.10,173.194.163.76,,,40826,443,0,50,17
1584694053.43508,173.194.163.76,10.10.0.10,,,443,40826,0,1358,17
1584694053.4416418,173.194.163.76,10.10.0.10,,,443,40826,0,1358,17
1584694053.4434614,10.10.0.10,173.194.163.76,,,40826,443,0,37,17
1584694053.448173,173.194.163.76,10.10.0.10,,,443,40826,0,1358,17
1584694053.454725,173.194.163.76,10.10.0.10,,,443,40826,0,1358,17
1584694053.456351,10.10.0.10,173.194.163.76,,,40826,443,0,37,17
1584694053.461276,173.194.163.76,10.10.0.10,,,443,40826,0,1358,17
1584694053.4678302,173.194.163.76,10.10.0.10,,,443,40826,0,1358,17
1584694053.4693446,10.10.0.10,173.194.163.76,,,40826,443,0,37,17
1584694053.4743948,173.194.163.76,10.10.0.10,,,443,40826,0,1358,17
1584694053.480926,173.194.163.76,10.10.0.10,,,443,40826,0,1358,17
1584694053.48272,10.10.0.10,173.194.163.76,,,40826,443,0,37,17
1584694053.4874804,173.194.163.76,10.10.0.10,,,443,40826,0,1358,17
1584694053.494031,173.194.163.76,10.10.0.10,,,443,40826,0,1358,17
1584694053.4957206,10.10.0.10,173.194.163.76,,,40826,443,0,37,17
1584694053.5005784,173.194.163.76,10.10.0.10,,,443,40826,0,1358,17
1584694053.507143,173.194.163.76,10.10.0.10,,,443,40826,0,1358,17
1584694053.50885,10.10.0.10,173.194.163.76,,,40826,443,0,37,17
1584694053.51368,173.194.163.76,10.10.0.10,,,443,40826,0,1358,17
1584694053.520226,173.194.163.76,10.10.0.10,,,443,40826,0,1358,17
1584694053.521975,10.10.0.10,173.194.163.76,,,40826,443,0,37,17
1584694053.526779,173.194.163.76,10.10.0.10,,,443,40826,0,1358,17
1584694053.53333,173.194.163.76,10.10.0.10,,,443,40826,0,1358,17
1584694053.5352418,10.10.0.10,173.194.163.76,,,40826,443,0,37,17
1584694053.539892,173.194.163.76,10.10.0.10,,,443,40826,0,1358,17
1584694053.546437,173.194.163.76,10.10.0.10,,,443,40826,0,1358,17
1584694053.550336,10.10.0.10,173.194.163.76,,,40826,443,0,37,17
1584694053.552983,173.194.163.76,10.10.0.10,,,443,40826,0,1358,17
1584694053.559534,173.194.163.76,10.10.0.10,,,443,40826,0,1358,17
1584694053.5610864,10.10.0.10,173.194.163.76,,,40826,443,0,37,17
1584694053.56608,173.194.163.76,10.10.0.10,,,443,40826,0,1358,17
1584694053.5726418,173.194.163.76,10.10.0.10,,,443,40826,0,1358,17
1584694053.5744731,10.10.0.10,173.194.163.76,,,40826,443,0,37,17
1584694053.579202,173.194.163.76,10.10.0.10,,,443,40826,0,1358,17
1584694053.58574,173.194.163.76,10.10.0.10,,,443,40826,0,1358,17
1584694053.5873628,10.10.0.10,173.194.163.76,,,40826,443,0,37,17
1584694053.5922818,173.194.163.76,10.10.0.10,,,443,40826,0,1358,17
1584694053.598836,173.194.163.76,10.10.0.10,,,443,40826,0,1358,17
1584694053.6005938,10.10.0.10,173.194.163.76,,,40826,443,0,37,17
1584694053.6053832,173.194.163.76,10.10.0.10,,,443,40826,0,1358,17
1584694053.6119616,173.194.163.76,10.10.0.10,,,443,40826,0,1358,17
1584694053.613717,10.10.0.10,173.194.163.76,,,40826,443,0,37,17
1584694053.6184838,173.194.163.76,10.10.0.10,,,443,40826,0,1358,17
1584694053.6250348,173.194.163.76,10.10.0.10,,,443,40826,0,1358,17
1584694053.6265972,10.10.0.10,173.194.163.76,,,40826,443,0,37,17
1584694053.631585,173.194.163.76,10.10.0.10,,,443,40826,0,1358,17
1584694053.6381402,173.194.163.76,10.10.0.10,,,443,40826,0,1358,17
1584694053.6397252,10.10.0.10,173.194.163.76,,,40826,443,0,37,17
1584694053.6447,173.194.163.76,10.10.0.10,,,443,40826,0,1358,17
1584694053.651263,173.194.163.76,10.10.0.10,,,443,40826,0,1358,17
1584694053.652966,10.10.0.10,173.194.163.76,,,40826,443,0,37,17
1584694053.6577911,173.194.163.76,10.10.0.10,,,443,40826,0,1358,17
1584694053.6643429,173.194.163.76,10.10.0.10,,,443,40826,0,1358,17
1584694053.668863,10.10.0.10,173.194.163.76,,,40826,443,0,37,17
1584694053.6708932,173.194.163.76,10.10.0.10,,,443,40826,0,1358,17
1584694053.677448,173.194.163.76,10.10.0.10,,,443,40826,0,1358,17
1584694053.678984,10.10.0.10,173.194.163.76,,,40826,443,0,37,17
1584694053.6839929,173.194.163.76,10.10.0.10,,,443,40826,0,1358,17
1584694053.6905448,173.194.163.76,10.10.0.10,,,443,40826,0,1358,17
1584694053.692215,10.10.0.10,173.194.163.76,,,40826,443,0,50,17
1584694053.697096,173.194.163.76,10.10.0.10,,,443,40826,0,1358,17
1584694053.703652,173.194.163.76,10.10.0.10,,,443,40826,0,1358,17
1584694053.705344,10.10.0.10,173.194.163.76,,,40826,443,0,37,17
1584694053.7101982,173.194.163.76,10.10.0.10,,,443,40826,0,1358,17
1584694053.716743,173.194.163.76,10.10.0.10,,,443,40826,0,1358,17
1584694053.718338,10.10.0.10,173.194.163.76,,,40826,443,0,37,17
1584694053.7232974,173.194.163.76,10.10.0.10,,,443,40826,0,29,17
1584694053.7235878,173.194.163.76,10.10.0.10,,,443,40826,0,1358,17
1584694053.730144,173.194.163.76,10.10.0.10,,,443,40826,0,1358,17
1584694053.7318401,10.10.0.10,173.194.163.76,,,40826,443,0,37,17
1584694053.736697,173.194.163.76,10.10.0.10,,,443,40826,0,1358,17
1584694053.743242,173.194.163.76,10.10.0.10,,,443,40826,0,1358,17
1584694053.7449849,10.10.0.10,173.194.163.76,,,40826,443,0,37,17
1584694053.749799,173.194.163.76,10.10.0.10,,,443,40826,0,1358,17
1584694053.756351,173.194.163.76,10.10.0.10,,,443,40826,0,1358,17
1584694053.7579868,10.10.0.10,173.194.163.76,,,40826,443,0,37,17
1584694053.7629,173.194.163.76,10.10.0.10,,,443,40826,0,1358,17
1584694053.76945,173.194.163.76,10.10.0.10,,,443,40826,0,1358,17
1584694053.770966,10.10.0.10,173.194.163.76,,,40826,443,0,37,17
1584694053.7760124,173.194.163.76,10.10.0.10,,,443,40826,0,1358,17
1584694053.78255,173.194.163.76,10.10.0.10,,,443,40826,0,1358,17
1584694053.7847118,10.10.0.10,173.194.163.76,,,40826,443,0,37,17
1584694053.789096,173.194.163.76,10.10.0.10,,,443,40826,0,1358,17
1584694053.795652,173.194.163.76,10.10.0.10,,,443,40826,0,1358,17
1584694053.7972338,10.10.0.10,173.194.163.76,,,40826,443,0,37,17
1584694053.802203,173.194.163.76,10.10.0.10,,,443,40826,0,1358,17
1584694053.808753,173.194.163.76,10.10.0.10,,,443,40826,0,1358,17
1584694053.810454,10.10.0.10,173.194.163.76,,,40826,443,0,37,17
1584694053.8153155,173.194.163.76,10.10.0.10,,,443,40826,0,1358,17
1584694053.8218632,173.194.163.76,10.10.0.10,,,443,40826,0,1358,17
1584694053.823586,10.10.0.10,173.194.163.76,,,40826,443,0,37,17
1584694053.8284054,173.194.163.76,10.10.0.10,,,443,40826,0,1358,17
1584694053.834955,173.194.163.76,10.10.0.10,,,443,40826,0,1358,17
1584694053.836719,10.10.0.10,173.194.163.76,,,40826,443,0,37,17
1584694053.841508,173.194.163.76,10.10.0.10,,,443,40826,0,1358,17
1584694053.84807,173.194.163.76,10.10.0.10,,,443,40826,0,1358,17
1584694053.849835,10.10.0.10,173.194.163.76,,,40826,443,0,37,17
1584694053.8546052,173.194.163.76,10.10.0.10,,,443,40826,0,1358,17
1584694053.86116,173.194.163.76,10.10.0.10,,,443,40826,0,1358,17
1584694053.862983,10.10.0.10,173.194.163.76,,,40826,443,0,37,17
1584694053.8677068,173.194.163.76,10.10.0.10,,,443,40826,0,1358,17
1584694053.8742578,173.194.163.76,10.10.0.10,,,443,40826,0,1358,17
1584694053.875836,10.10.0.10,173.194.163.76,,,40826,443,0,37,17
1584694053.880805,173.194.163.76,10.10.0.10,,,443,40826,0,1358,17
1584694053.8873706,173.194.163.76,10.10.0.10,,,443,40826,0,1358,17
1584694053.889189,10.10.0.10,173.194.163.76,,,40826,443,0,37,17
1584694053.8939052,173.194.163.76,10.10.0.10,,,443,40826,0,1358,17
1584694053.900456,173.194.163.76,10.10.0.10,,,443,40826,0,1358,17
1584694053.902459,10.10.0.10,173.194.163.76,,,40826,443,0,37,17
1584694053.9070115,173.194.163.76,10.10.0.10,,,443,40826,0,1358,17
1584694053.913558,173.194.163.76,10.10.0.10,,,443,40826,0,1358,17
1584694053.9150589,10.10.0.10,173.194.163.76,,,40826,443,0,37,17
1584694053.9201062,173.194.163.76,10.10.0.10,,,443,40826,0,1358,17
1584694053.9266589,173.194.163.76,10.10.0.10,,,443,40826,0,1358,17
1584694053.9283378,10.10.0.10,173.194.163.76,,,40826,443,0,37,17
1584694053.933209,173.194.163.76,10.10.0.10,,,443,40826,0,1358,17
1584694053.939759,173.194.163.76,10.10.0.10,,,443,40826,0,1358,17
1584694053.941333,10.10.0.10,173.194.163.76,,,40826,443,0,37,17
1584694053.946312,173.194.163.76,10.10.0.10,,,443,40826,0,1358,17
1584694053.9528599,173.194.163.76,10.10.0.10,,,443,40826,0,1358,17
1584694053.954586,10.10.0.10,173.194.163.76,,,40826,443,0,50,17
1584694053.959411,173.194.163.76,10.10.0.10,,,443,40826,0,1358,17
1584694053.96596,173.194.163.76,10.10.0.10,,,443,40826,0,1358,17
1584694053.9677026,10.10.0.10,173.194.163.76,,,40826,443,0,37,17
1584694053.9725149,173.194.163.76,10.10.0.10,,,443,40826,0,1358,17
1584694053.979068,173.194.163.76,10.10.0.10,,,443,40826,0,1358,17
1584694053.9856179,173.194.163.76,10.10.0.10,,,443,40826,0,1358,17
1584694053.992162,173.194.163.76,10.10.0.10,,,443,40826,0,29,17
1584694053.992456,173.194.163.76,10.10.0.10,,,443,40826,0,1358,17
1584694053.999015,173.194.163.76,10.10.0.10,,,443,40826,0,1358,17
1584694054.005559,173.194.163.76,10.10.0.10,,,443,40826,0,1358,17
1584694054.0064292,10.10.0.10,173.194.163.76,,,40826,443,0,37,17
1584694054.0099332,10.10.0.10,173.194.163.76,,,40826,443,0,37,17
1584694054.010058,10.10.0.10,173.194.163.76,,,40826,443,0,37,17
1584694054.012112,173.194.163.76,10.10.0.10,,,443,40826,0,1358,17
1584694054.0186682,173.194.163.76,10.10.0.10,,,443,40826,0,1358,17
1584694054.0208411,10.10.0.10,173.194.163.76,,,40826,443,0,37,17
1584694054.02522,173.194.163.76,10.10.0.10,,,443,40826,0,1358,17
1584694054.03177,173.194.163.76,10.10.0.10,,,443,40826,0,1358,17
1584694054.0339544,10.10.0.10,173.194.163.76,,,40826,443,0,37,17
1584694054.0383186,173.194.163.76,10.10.0.10,,,443,40826,0,1358,17
1584694054.0448658,173.194.163.76,10.10.0.10,,,443,40826,0,1358,17
1584694054.0464249,10.10.0.10,173.194.163.76,,,40826,443,0,37,17
1584694054.0514169,173.194.163.76,10.10.0.10,,,443,40826,0,1358,17
1584694054.057982,173.194.163.76,10.10.0.10,,,443,40826,0,1358,17
1584694054.059561,10.10.0.10,173.194.163.76,,,40826,443,0,37,17
1584694054.0645158,173.194.163.76,10.10.0.10,,,443,40826,0,1358,17
1584694054.071073,173.194.163.76,10.10.0.10,,,443,40826,0,1358,17
1584694054.07323,10.10.0.10,173.194.163.76,,,40826,443,0,37,17
1584694054.0776222,173.194.163.76,10.10.0.10,,,443,40826,0,1358,17
1584694054.084168,173.194.163.76,10.10.0.10,,,443,40826,0,1358,17
1584694054.0860784,10.10.0.10,173.194.163.76,,,40826,443,0,37,17
1584694054.09072,173.194.163.76,10.10.0.10,,,443,40826,0,1358,17
1584694054.0972712,173.194.163.76,10.10.0.10,,,443,40826,0,1358,17
1584694054.098692,10.10.0.10,173.194.163.76,,,40826,443,0,37,17
1584694054.103818,173.194.163.76,10.10.0.10,,,443,40826,0,1358,17
1584694054.11037,173.194.163.76,10.10.0.10,,,443,40826,0,1358,17
1584694054.112802,10.10.0.10,173.194.163.76,,,40826,443,0,37,17
1584694054.1169221,173.194.163.76,10.10.0.10,,,443,40826,0,1358,17
1584694054.1234741,173.194.163.76,10.10.0.10,,,443,40826,0,1358,17
1584694054.125058,10.10.0.10,173.194.163.76,,,40826,443,0,37,17
1584694054.130024,173.194.163.76,10.10.0.10,,,443,40826,0,1358,17
1584694054.136573,173.194.163.76,10.10.0.10,,,443,40826,0,1358,17
1584694054.138177,10.10.0.10,173.194.163.76,,,40826,443,0,37,17
1584694054.1431231,173.194.163.76,10.10.0.10,,,443,40826,0,1358,17
1584694054.149673,173.194.163.76,10.10.0.10,,,443,40826,0,1358,17
1584694054.151833,10.10.0.10,173.194.163.76,,,40826,443,0,37,17
1584694054.156222,173.194.163.76,10.10.0.10,,,443,40826,0,1358,17
1584694054.1627822,173.194.163.76,10.10.0.10,,,443,40826,0,1358,17
1584694054.1644428,10.10.0.10,173.194.163.76,,,40826,443,0,37,17
1584694054.1693332,173.194.163.76,10.10.0.10,,,443,40826,0,1358,17
1584694054.1758811,173.194.163.76,10.10.0.10,,,443,40826,0,1358,17
1584694054.1814525,10.10.0.10,173.194.163.76,,,40826,443,0,37,17
1584694054.182433,173.194.163.76,10.10.0.10,,,443,40826,0,1358,17
1584694054.188995,173.194.163.76,10.10.0.10,,,443,40826,0,1358,17
1584694054.195533,173.194.163.76,10.10.0.10,,,443,40826,0,1358,17
1584694054.1964738,10.10.0.10,173.194.163.76,,,40826,443,0,37,17
1584694054.202086,173.194.163.76,10.10.0.10,,,443,40826,0,1358,17
1584694054.203577,10.10.0.10,173.194.163.76,,,40826,443,0,37,17
1584694054.208636,173.194.163.76,10.10.0.10,,,443,40826,0,1358,17
1584694054.2151859,173.194.163.76,10.10.0.10,,,443,40826,0,1358,17
1584694054.216843,10.10.0.10,173.194.163.76,,,40826,443,0,50,17
1584694054.221748,173.194.163.76,10.10.0.10,,,443,40826,0,1358,17
1584694054.228287,173.194.163.76,10.10.0.10,,,443,40826,0,1358,17
1584694054.2299519,10.10.0.10,173.194.163.76,,,40826,443,0,37,17
1584694054.234839,173.194.163.76,10.10.0.10,,,443,40826,0,1358,17
1584694054.241389,173.194.163.76,10.10.0.10,,,443,40826,0,1358,17
1584694054.243099,10.10.0.10,173.194.163.76,,,40826,443,0,37,17
1584694054.2479384,173.194.163.76,10.10.0.10,,,443,40826,0,29,17
1584694054.2482278,173.194.163.76,10.10.0.10,,,443,40826,0,1358,17
1584694054.254787,173.194.163.76,10.10.0.10,,,443,40826,0,1358,17
1584694054.256598,10.10.0.10,173.194.163.76,,,40826,443,0,37,17
1584694054.261339,173.194.163.76,10.10.0.10,,,443,40826,0,1358,17
1584694054.2678852,173.194.163.76,10.10.0.10,,,443,40826,0,1358,17
1584694054.2696931,10.10.0.10,173.194.163.76,,,40826,443,0,37,17
1584694054.2744381,173.194.163.76,10.10.0.10,,,443,40826,0,1358,17
1584694054.280991,173.194.163.76,10.10.0.10,,,443,40826,0,1358,17
1584694054.282708,10.10.0.10,173.194.163.76,,,40826,443,0,37,17
1584694054.2875388,173.194.163.76,10.10.0.10,,,443,40826,0,1358,17
1584694054.2940881,173.194.163.76,10.10.0.10,,,443,40826,0,1358,17
1584694054.296317,10.10.0.10,173.194.163.76,,,40826,443,0,37,17
1584694054.3006392,173.194.163.76,10.10.0.10,,,443,40826,0,1358,17
1584694054.307192,173.194.163.76,10.10.0.10,,,443,40826,0,1358,17
1584694054.308968,10.10.0.10,173.194.163.76,,,40826,443,0,37,17
1584694054.313745,173.194.163.76,10.10.0.10,,,443,40826,0,1358,17
1584694054.32029,173.194.163.76,10.10.0.10,,,443,40826,0,1358,17
1584694054.3224704,10.10.0.10,173.194.163.76,,,40826,443,0,37,17
1584694054.3268409,173.194.163.76,10.10.0.10,,,443,40826,0,1358,17
1584694054.3333929,173.194.163.76,10.10.0.10,,,443,40826,0,1358,17
1584694054.3358438,10.10.0.10,173.194.163.76,,,40826,443,0,37,17
1584694054.339942,173.194.163.76,10.10.0.10,,,443,40826,0,1358,17
1584694054.3464954,173.194.163.76,10.10.0.10,,,443,40826,0,1358,17
1584694054.348071,10.10.0.10,173.194.163.76,,,40826,443,0,37,17
1584694054.353051,173.194.163.76,10.10.0.10,,,443,40826,0,1358,17
1584694054.359615,173.194.163.76,10.10.0.10,,,443,40826,0,1358,17
1584694054.3609474,10.10.0.10,173.194.163.76,,,40826,443,0,37,17
1584694054.366145,173.194.163.76,10.10.0.10,,,443,40826,0,1358,17
1584694054.3726964,173.194.163.76,10.10.0.10,,,443,40826,0,1358,17
1584694054.3741946,10.10.0.10,173.194.163.76,,,40826,443,0,37,17
1584694054.3792489,173.194.163.76,10.10.0.10,,,443,40826,0,1358,17
1584694054.385803,173.194.163.76,10.10.0.10,,,443,40826,0,1358,17
1584694054.3873198,10.10.0.10,173.194.163.76,,,40826,443,0,37,17
1584694054.3923652,173.194.163.76,10.10.0.10,,,443,40826,0,1358,17
1584694054.3988972,173.194.163.76,10.10.0.10,,,443,40826,0,1358,17
1584694054.4004452,10.10.0.10,173.194.163.76,,,40826,443,0,37,17
1584694054.405449,173.194.163.76,10.10.0.10,,,443,40826,0,1358,17
1584694054.411997,173.194.163.76,10.10.0.10,,,443,40826,0,1358,17
1584694054.4135892,10.10.0.10,173.194.163.76,,,40826,443,0,37,17
1584694054.418552,173.194.163.76,10.10.0.10,,,443,40826,0,1358,17
1584694054.4251142,173.194.163.76,10.10.0.10,,,443,40826,0,1358,17
1584694054.426714,10.10.0.10,173.194.163.76,,,40826,443,0,37,17
1584694054.4316509,173.194.163.76,10.10.0.10,,,443,40826,0,1358,17
1584694054.4382026,173.194.163.76,10.10.0.10,,,443,40826,0,1358,17
1584694054.439844,10.10.0.10,173.194.163.76,,,40826,443,0,37,17
1584694054.444751,173.194.163.76,10.10.0.10,,,443,40826,0,1358,17
1584694054.451299,173.194.163.76,10.10.0.10,,,443,40826,0,1358,17
1584694054.4529624,10.10.0.10,173.194.163.76,,,40826,443,0,37,17
1584694054.457865,173.194.163.76,10.10.0.10,,,443,40826,0,1358,17
1584694054.4644098,173.194.163.76,10.10.0.10,,,443,40826,0,1358,17
1584694054.46609,10.10.0.10,173.194.163.76,,,40826,443,0,37,17
1584694054.470954,173.194.163.76,10.10.0.10,,,443,40826,0,1358,17
1584694054.477505,173.194.163.76,10.10.0.10,,,443,40826,0,1358,17
1584694054.479216,10.10.0.10,173.194.163.76,,,40826,443,0,50,17
1584694054.484058,173.194.163.76,10.10.0.10,,,443,40826,0,1358,17
1584694054.490616,173.194.163.76,10.10.0.10,,,443,40826,0,1358,17
1584694054.492337,10.10.0.10,173.194.163.76,,,40826,443,0,37,17
1584694054.497158,173.194.163.76,10.10.0.10,,,443,40826,0,1358,17
1584694054.5037134,173.194.163.76,10.10.0.10,,,443,40826,0,1358,17
1584694054.505589,10.10.0.10,173.194.163.76,,,40826,443,0,37,17
1584694054.510257,173.194.163.76,10.10.0.10,,,443,40826,0,29,17
1584694054.510548,173.194.163.76,10.10.0.10,,,443,40826,0,1358,17
1584694054.5171142,173.194.163.76,10.10.0.10,,,443,40826,0,1358,17
1584694054.5187151,10.10.0.10,173.194.163.76,,,40826,443,0,37,17
1584694054.523658,173.194.163.76,10.10.0.10,,,443,40826,0,1358,17
1584694054.530208,173.194.163.76,10.10.0.10,,,443,40826,0,1358,17
1584694054.5319722,10.10.0.10,173.194.163.76,,,40826,443,0,37,17
1584694054.5367572,173.194.163.76,10.10.0.10,,,443,40826,0,1358,17
1584694054.5433102,173.194.163.76,10.10.0.10,,,443,40826,0,1358,17
1584694054.544934,10.10.0.10,173.194.163.76,,,40826,443,0,37,17
1584694054.549863,173.194.163.76,10.10.0.10,,,443,40826,0,1358,17
1584694054.5564241,173.194.163.76,10.10.0.10,,,443,40826,0,1358,17
1584694054.557938,10.10.0.10,173.194.163.76,,,40826,443,0,37,17
1584694054.5629606,173.194.163.76,10.10.0.10,,,443,40826,0,1358,17
1584694054.569512,173.194.163.76,10.10.0.10,,,443,40826,0,1358,17
1584694054.5710769,10.10.0.10,173.194.163.76,,,40826,443,0,37,17
1584694054.5760634,173.194.163.76,10.10.0.10,,,443,40826,0,1358,17
1584694054.5826118,173.194.163.76,10.10.0.10,,,443,40826,0,1358,17
1584694054.584588,10.10.0.10,173.194.163.76,,,40826,443,0,37,17
1584694054.589161,173.194.163.76,10.10.0.10,,,443,40826,0,1358,17
1584694054.595734,173.194.163.76,10.10.0.10,,,443,40826,0,1358,17
1584694054.597456,10.10.0.10,173.194.163.76,,,40826,443,0,37,17
1584694054.6022651,173.194.163.76,10.10.0.10,,,443,40826,0,1358,17
1584694054.6088119,173.194.163.76,10.10.0.10,,,443,40826,0,1358,17
1584694054.6104589,10.10.0.10,173.194.163.76,,,40826,443,0,37,17
1584694054.615365,173.194.163.76,10.10.0.10,,,443,40826,0,1358,17
1584694054.621922,173.194.163.76,10.10.0.10,,,443,40826,0,1358,17
1584694054.623583,10.10.0.10,173.194.163.76,,,40826,443,0,37,17
1584694054.628465,173.194.163.76,10.10.0.10,,,443,40826,0,1358,17
1584694054.635015,173.194.163.76,10.10.0.10,,,443,40826,0,1358,17
1584694054.636585,10.10.0.10,173.194.163.76,,,40826,443,0,37,17
1584694054.641569,173.194.163.76,10.10.0.10,,,443,40826,0,1358,17
1584694054.648116,173.194.163.76,10.10.0.10,,,443,40826,0,1358,17
1584694054.649703,10.10.0.10,173.194.163.76,,,40826,443,0,37,17
1584694054.65467,173.194.163.76,10.10.0.10,,,443,40826,0,1358,17
1584694054.661232,173.194.163.76,10.10.0.10,,,443,40826,0,1358,17
1584694054.6627061,10.10.0.10,173.194.163.76,,,40826,443,0,37,17
1584694054.66777,173.194.163.76,10.10.0.10,,,443,40826,0,1358,17
1584694054.67432,173.194.163.76,10.10.0.10,,,443,40826,0,1358,17
1584694054.675936,10.10.0.10,173.194.163.76,,,40826,443,0,37,17
1584694054.680872,173.194.163.76,10.10.0.10,,,443,40826,0,1358,17
1584694054.687419,173.194.163.76,10.10.0.10,,,443,40826,0,1358,17
1584694054.692064,10.10.0.10,173.194.163.76,,,40826,443,0,37,17
1584694054.693984,173.194.163.76,10.10.0.10,,,443,40826,0,1358,17
1584694054.7005231,173.194.163.76,10.10.0.10,,,443,40826,0,1358,17
1584694054.7029548,10.10.0.10,173.194.163.76,,,40826,443,0,37,17
1584694054.7070749,173.194.163.76,10.10.0.10,,,443,40826,0,1358,17
1584694054.713622,173.194.163.76,10.10.0.10,,,443,40826,0,1358,17
1584694054.7151859,10.10.0.10,173.194.163.76,,,40826,443,0,37,17
1584694054.7201679,173.194.163.76,10.10.0.10,,,443,40826,0,1358,17
1584694054.7267332,173.194.163.76,10.10.0.10,,,443,40826,0,1358,17
1584694054.728456,10.10.0.10,173.194.163.76,,,40826,443,0,37,17
1584694054.733275,173.194.163.76,10.10.0.10,,,443,40826,0,1358,17
1584694054.7398279,173.194.163.76,10.10.0.10,,,443,40826,0,1358,17
1584694054.7415812,10.10.0.10,173.194.163.76,,,40826,443,0,50,17
1584694054.746377,173.194.163.76,10.10.0.10,,,443,40826,0,1358,17
1584694054.752929,173.194.163.76,10.10.0.10,,,443,40826,0,1358,17
1584694054.7544384,10.10.0.10,173.194.163.76,,,40826,443,0,37,17
1584694054.7594829,173.194.163.76,10.10.0.10,,,443,40826,0,1358,17
1584694054.766042,173.194.163.76,10.10.0.10,,,443,40826,0,1358,17
1584694054.7682052,10.10.0.10,173.194.163.76,,,40826,443,0,37,17
1584694054.772577,173.194.163.76,10.10.0.10,,,443,40826,0,1358,17
1584694054.7791278,173.194.163.76,10.10.0.10,,,443,40826,0,1358,17
1584694054.780686,10.10.0.10,173.194.163.76,,,40826,443,0,37,17
1584694054.7856786,173.194.163.76,10.10.0.10,,,443,40826,0,1358,17
1584694054.792231,173.194.163.76,10.10.0.10,,,443,40826,0,1358,17
1584694054.794704,10.10.0.10,173.194.163.76,,,40826,443,0,37,17
1584694054.798792,173.194.163.76,10.10.0.10,,,443,40826,0,1358,17
1584694054.8053546,173.194.163.76,10.10.0.10,,,443,40826,0,1358,17
1584694054.807081,10.10.0.10,173.194.163.76,,,40826,443,0,37,17
1584694054.811881,173.194.163.76,10.10.0.10,,,443,40826,0,1358,17
1584694054.818432,173.194.163.76,10.10.0.10,,,443,40826,0,1358,17
1584694054.820182,10.10.0.10,173.194.163.76,,,40826,443,0,37,17
1584694054.824985,173.194.163.76,10.10.0.10,,,443,40826,0,1358,17
1584694054.83154,173.194.163.76,10.10.0.10,,,443,40826,0,1358,17
1584694054.834308,10.10.0.10,173.194.163.76,,,40826,443,0,37,17
1584694054.8380852,173.194.163.76,10.10.0.10,,,443,40826,0,1358,17
1584694054.8446338,173.194.163.76,10.10.0.10,,,443,40826,0,1358,17
1584694054.8463302,10.10.0.10,173.194.163.76,,,40826,443,0,37,17
1584694054.8511848,173.194.163.76,10.10.0.10,,,443,40826,0,1358,17
1584694054.8577352,173.194.163.76,10.10.0.10,,,443,40826,0,1358,17
1584694054.859298,10.10.0.10,173.194.163.76,,,40826,443,0,37,17
1584694054.86429,173.194.163.76,10.10.0.10,,,443,40826,0,1358,17
1584694054.8708518,173.194.163.76,10.10.0.10,,,443,40826,0,1358,17
1584694054.8725731,10.10.0.10,173.194.163.76,,,40826,443,0,37,17
1584694054.877383,173.194.163.76,10.10.0.10,,,443,40826,0,1358,17
1584694054.883934,173.194.163.76,10.10.0.10,,,443,40826,0,1358,17
1584694054.885682,10.10.0.10,173.194.163.76,,,40826,443,0,37,17
1584694054.8905149,173.194.163.76,10.10.0.10,,,443,40826,0,1358,17
1584694054.8970392,173.194.163.76,10.10.0.10,,,443,40826,0,1358,17
1584694054.8989544,10.10.0.10,173.194.163.76,,,40826,443,0,37,17
1584694054.9036062,173.194.163.76,10.10.0.10,,,443,40826,0,1358,17
1584694054.9101384,173.194.163.76,10.10.0.10,,,443,40826,0,1358,17
1584694054.9116821,10.10.0.10,173.194.163.76,,,40826,443,0,37,17
1584694054.9166918,173.194.163.76,10.10.0.10,,,443,40826,0,1358,17
1584694054.923242,173.194.163.76,10.10.0.10,,,443,40826,0,1358,17
1584694054.924826,10.10.0.10,173.194.163.76,,,40826,443,0,37,17
1584694054.9297972,173.194.163.76,10.10.0.10,,,443,40826,0,1358,17
1584694054.936352,173.194.163.76,10.10.0.10,,,443,40826,0,1358,17
1584694054.939054,10.10.0.10,173.194.163.76,,,40826,443,0,37,17
1584694054.9428911,173.194.163.76,10.10.0.10,,,443,40826,0,1358,17
1584694054.949439,173.194.163.76,10.10.0.10,,,443,40826,0,1358,17
1584694054.9525778,10.10.0.10,173.194.163.76,,,40826,443,0,37,17
1584694054.955987,173.194.163.76,10.10.0.10,,,443,40826,0,1358,17
1584694054.962538,173.194.163.76,10.10.0.10,,,443,40826,0,1358,17
1584694054.964304,10.10.0.10,173.194.163.76,,,40826,443,0,37,17
1584694054.969088,173.194.163.76,10.10.0.10,,,443,40826,0,1358,17
1584694054.97564,173.194.163.76,10.10.0.10,,,443,40826,0,1358,17
1584694054.977558,10.10.0.10,173.194.163.76,,,40826,443,0,37,17
1584694054.9822054,173.194.163.76,10.10.0.10,,,443,40826,0,1358,17
1584694054.9887395,173.194.163.76,10.10.0.10,,,443,40826,0,1358,17
1584694054.9908118,10.10.0.10,173.194.163.76,,,40826,443,0,37,17
1584694054.9952998,173.194.163.76,10.10.0.10,,,443,40826,0,1358,17
1584694055.0018456,173.194.163.76,10.10.0.10,,,443,40826,0,1358,17
1584694055.003304,10.10.0.10,173.194.163.76,,,40826,443,0,50,17
1584694055.008395,173.194.163.76,10.10.0.10,,,443,40826,0,1358,17
1584694055.0149431,173.194.163.76,10.10.0.10,,,443,40826,0,1358,17
1584694055.0165546,10.10.0.10,173.194.163.76,,,40826,443,0,37,17
1584694055.021497,173.194.163.76,10.10.0.10,,,443,40826,0,1358,17
1584694055.0280454,173.194.163.76,10.10.0.10,,,443,40826,0,1358,17
1584694055.029829,10.10.0.10,173.194.163.76,,,40826,443,0,37,17
1584694055.0345948,173.194.163.76,10.10.0.10,,,443,40826,0,1358,17
1584694055.0411608,173.194.163.76,10.10.0.10,,,443,40826,0,1358,17
1584694055.043937,10.10.0.10,173.194.163.76,,,40826,443,0,37,17
1584694055.0477214,173.194.163.76,10.10.0.10,,,443,40826,0,29,17
1584694055.047991,173.194.163.76,10.10.0.10,,,443,40826,0,1358,17
1584694055.054545,173.194.163.76,10.10.0.10,,,443,40826,0,1358,17
1584694055.056199,10.10.0.10,173.194.163.76,,,40826,443,0,37,17
1584694055.0610974,173.194.163.76,10.10.0.10,,,443,40826,0,1358,17
1584694055.0676448,173.194.163.76,10.10.0.10,,,443,40826,0,1358,17
1584694055.0691972,10.10.0.10,173.194.163.76,,,40826,443,0,37,17
1584694055.0742028,173.194.163.76,10.10.0.10,,,443,40826,0,1358,17
1584694055.0807474,173.194.163.76,10.10.0.10,,,443,40826,0,1358,17
1584694055.0823002,10.10.0.10,173.194.163.76,,,40826,443,0,37,17
1584694055.087303,173.194.163.76,10.10.0.10,,,443,40826,0,1358,17
1584694055.093848,173.194.163.76,10.10.0.10,,,443,40826,0,1358,17
1584694055.095907,10.10.0.10,173.194.163.76,,,40826,443,0,37,17
1584694055.1004,173.194.163.76,10.10.0.10,,,443,40826,0,1358,17
1584694055.1069472,173.194.163.76,10.10.0.10,,,443,40826,0,1358,17
1584694055.108549,10.10.0.10,173.194.163.76,,,40826,443,0,37,17
1584694055.113504,173.194.163.76,10.10.0.10,,,443,40826,0,1358,17
1584694055.120051,173.194.163.76,10.10.0.10,,,443,40826,0,1358,17
1584694055.1216738,10.10.0.10,173.194.163.76,,,40826,443,0,37,17
1584694055.126607,173.194.163.76,10.10.0.10,,,443,40826,0,1358,17
1584694055.133157,173.194.163.76,10.10.0.10,,,443,40826,0,1358,17
1584694055.134696,10.10.0.10,173.194.163.76,,,40826,443,0,37,17
1584694055.1397092,173.194.163.76,10.10.0.10,,,443,40826,0,1358,17
1584694055.14627,173.194.163.76,10.10.0.10,,,443,40826,0,1358,17
1584694055.147799,10.10.0.10,173.194.163.76,,,40826,443,0,37,17
1584694055.152802,173.194.163.76,10.10.0.10,,,443,40826,0,1358,17
1584694055.159353,173.194.163.76,10.10.0.10,,,443,40826,0,1358,17
1584694055.163929,10.10.0.10,173.194.163.76,,,40826,443,0,37,17
1584694055.165905,173.194.163.76,10.10.0.10,,,443,40826,0,1358,17
1584694055.172456,173.194.163.76,10.10.0.10,,,443,40826,0,1358,17
1584694055.1745481,10.10.0.10,173.194.163.76,,,40826,443,0,37,17
1584694055.17901,173.194.163.76,10.10.0.10,,,443,40826,0,1358,17
1584694055.1855652,173.194.163.76,10.10.0.10,,,443,40826,0,1358,17
1584694055.187192,10.10.0.10,173.194.163.76,,,40826,443,0,37,17
1584694055.19211,173.194.163.76,10.10.0.10,,,443,40826,0,1358,17
1584694055.198664,173.194.163.76,10.10.0.10,,,443,40826,0,1358,17
1584694055.201317,10.10.0.10,173.194.163.76,,,40826,443,0,37,17
1584694055.2052188,173.194.163.76,10.10.0.10,,,443,40826,0,1358,17
1584694055.211781,173.194.163.76,10.10.0.10,,,443,40826,0,1358,17
1584694055.2132962,10.10.0.10,173.194.163.76,,,40826,443,0,37,17
1584694055.218313,173.194.163.76,10.10.0.10,,,443,40826,0,1358,17
1584694055.224864,173.194.163.76,10.10.0.10,,,443,40826,0,1358,17
1584694055.2264428,10.10.0.10,173.194.163.76,,,40826,443,0,37,17
1584694055.231418,173.194.163.76,10.10.0.10,,,443,40826,0,1358,17
1584694055.237969,173.194.163.76,10.10.0.10,,,443,40826,0,1358,17
1584694055.2396932,10.10.0.10,173.194.163.76,,,40826,443,0,37,17
1584694055.244529,173.194.163.76,10.10.0.10,,,443,40826,0,1358,17
1584694055.2510898,173.194.163.76,10.10.0.10,,,443,40826,0,1358,17
1584694055.2526731,10.10.0.10,173.194.163.76,,,40826,443,0,37,17
1584694055.257618,173.194.163.76,10.10.0.10,,,443,40826,0,1358,17
1584694055.2641628,173.194.163.76,10.10.0.10,,,443,40826,0,1358,17
1584694055.27072,173.194.163.76,10.10.0.10,,,443,40826,0,1358,17
1584694055.2772772,173.194.163.76,10.10.0.10,,,443,40826,0,1358,17
1584694055.2838411,173.194.163.76,10.10.0.10,,,443,40826,0,1358,17
1584694055.2903788,173.194.163.76,10.10.0.10,,,443,40826,0,1358,17
1584694055.291177,10.10.0.10,173.194.163.76,,,40826,443,0,50,17
1584694055.294817,10.10.0.10,173.194.163.76,,,40826,443,0,37,17
1584694055.295288,10.10.0.10,173.194.163.76,,,40826,443,0,37,17
1584694055.296924,173.194.163.76,10.10.0.10,,,443,40826,0,1358,17
1584694055.303471,173.194.163.76,10.10.0.10,,,443,40826,0,1358,17
1584694055.306296,10.10.0.10,173.194.163.76,,,40826,443,0,37,17
1584694055.310027,173.194.163.76,10.10.0.10,,,443,40826,0,1358,17
1584694055.3165786,173.194.163.76,10.10.0.10,,,443,40826,0,1358,17
1584694055.319689,10.10.0.10,173.194.163.76,,,40826,443,0,37,17
1584694055.323119,173.194.163.76,10.10.0.10,,,443,40826,0,1358,17
1584694055.329674,173.194.163.76,10.10.0.10,,,443,40826,0,1358,17
1584694055.331312,10.10.0.10,173.194.163.76,,,40826,443,0,37,17
1584694055.3362205,173.194.163.76,10.10.0.10,,,443,40826,0,1358,17
1584694055.3427718,173.194.163.76,10.10.0.10,,,443,40826,0,1358,17
1584694055.34444,10.10.0.10,173.194.163.76,,,40826,443,0,37,17
1584694055.3493402,173.194.163.76,10.10.0.10,,,443,40826,0,1358,17
1584694055.3558755,173.194.163.76,10.10.0.10,,,443,40826,0,1358,17
1584694055.3574178,10.10.0.10,173.194.163.76,,,40826,443,0,37,17
1584694055.362427,173.194.163.76,10.10.0.10,,,443,40826,0,1358,17
1584694055.368978,173.194.163.76,10.10.0.10,,,443,40826,0,1358,17
1584694055.3705652,10.10.0.10,173.194.163.76,,,40826,443,0,37,17
1584694055.3755279,173.194.163.76,10.10.0.10,,,443,40826,0,1358,17
1584694055.38209,173.194.163.76,10.10.0.10,,,443,40826,0,1358,17
1584694055.383671,10.10.0.10,173.194.163.76,,,40826,443,0,37,17
1584694055.3886359,173.194.163.76,10.10.0.10,,,443,40826,0,1358,17
1584694055.3951821,173.194.163.76,10.10.0.10,,,443,40826,0,1358,17
1584694055.396658,10.10.0.10,173.194.163.76,,,40826,443,0,37,17
1584694055.4017315,173.194.163.76,10.10.0.10,,,443,40826,0,1358,17
1584694055.4082818,173.194.163.76,10.10.0.10,,,443,40826,0,1358,17
1584694055.409793,10.10.0.10,173.194.163.76,,,40826,443,0,37,17
1584694055.414839,173.194.163.76,10.10.0.10,,,443,40826,0,1358,17
1584694055.4213982,173.194.163.76,10.10.0.10,,,443,40826,0,1358,17
1584694055.4231868,10.10.0.10,173.194.163.76,,,40826,443,0,37,17
1584694055.4279351,173.194.163.76,10.10.0.10,,,443,40826,0,1358,17
1584694055.4344828,173.194.163.76,10.10.0.10,,,443,40826,0,1358,17
1584694055.4365401,10.10.0.10,173.194.163.76,,,40826,443,0,37,17
1584694055.4410331,173.194.163.76,10.10.0.10,,,443,40826,0,1358,17
1584694055.4475875,173.194.163.76,10.10.0.10,,,443,40826,0,1358,17
1584694055.4492922,10.10.0.10,173.194.163.76,,,40826,443,0,37,17
1584694055.4541476,173.194.163.76,10.10.0.10,,,443,40826,0,1358,17
1584694055.460685,173.194.163.76,10.10.0.10,,,443,40826,0,1358,17
1584694055.4622989,10.10.0.10,173.194.163.76,,,40826,443,0,37,17
1584694055.4672358,173.194.163.76,10.10.0.10,,,443,40826,0,1358,17
1584694055.4737911,173.194.163.76,10.10.0.10,,,443,40826,0,1358,17
1584694055.475414,10.10.0.10,173.194.163.76,,,40826,443,0,37,17
1584694055.480338,173.194.163.76,10.10.0.10,,,443,40826,0,1358,17
1584694055.486897,173.194.163.76,10.10.0.10,,,443,40826,0,1358,17
1584694055.4886868,10.10.0.10,173.194.163.76,,,40826,443,0,37,17
1584694055.4934616,173.194.163.76,10.10.0.10,,,443,40826,0,1358,17
1584694055.4999974,173.194.163.76,10.10.0.10,,,443,40826,0,1358,17
1584694055.5020602,10.10.0.10,173.194.163.76,,,40826,443,0,37,17
1584694055.506542,173.194.163.76,10.10.0.10,,,443,40826,0,1358,17
1584694055.5130908,173.194.163.76,10.10.0.10,,,443,40826,0,1358,17
1584694055.5148098,10.10.0.10,173.194.163.76,,,40826,443,0,37,17
1584694055.5196464,173.194.163.76,10.10.0.10,,,443,40826,0,1358,17
1584694055.5262098,173.194.163.76,10.10.0.10,,,443,40826,0,1358,17
1584694055.527879,10.10.0.10,173.194.163.76,,,40826,443,0,50,17
1584694055.532743,173.194.163.76,10.10.0.10,,,443,40826,0,1358,17
1584694055.539294,173.194.163.76,10.10.0.10,,,443,40826,0,1358,17
1584694055.5410569,10.10.0.10,173.194.163.76,,,40826,443,0,37,17
1584694055.545843,173.194.163.76,10.10.0.10,,,443,40826,0,1358,17
1584694055.552396,173.194.163.76,10.10.0.10,,,443,40826,0,1358,17
1584694055.5539322,10.10.0.10,173.194.163.76,,,40826,443,0,37,17
1584694055.558958,173.194.163.76,10.10.0.10,,,443,40826,0,29,17
1584694055.5592532,173.194.163.76,10.10.0.10,,,443,40826,0,1358,17
1584694055.565794,173.194.163.76,10.10.0.10,,,443,40826,0,1358,17
1584694055.567402,10.10.0.10,173.194.163.76,,,40826,443,0,37,17
1584694055.5723438,173.194.163.76,10.10.0.10,,,443,40826,0,1358,17
1584694055.578894,173.194.163.76,10.10.0.10,,,443,40826,0,1358,17
1584694055.580539,10.10.0.10,173.194.163.76,,,40826,443,0,37,17
1584694055.585459,173.194.163.76,10.10.0.10,,,443,40826,0,1358,17
1584694055.591989,173.194.163.76,10.10.0.10,,,443,40826,0,1358,17
1584694055.5936804,10.10.0.10,173.194.163.76,,,40826,443,0,37,17
1584694055.598546,173.194.163.76,10.10.0.10,,,443,40826,0,1358,17
1584694055.605096,173.194.163.76,10.10.0.10,,,443,40826,0,1358,17
1584694055.606791,10.10.0.10,173.194.163.76,,,40826,443,0,37,17
1584694055.6116474,173.194.163.76,10.10.0.10,,,443,40826,0,1358,17
1584694055.618207,173.194.163.76,10.10.0.10,,,443,40826,0,1358,17
1584694055.620034,10.10.0.10,173.194.163.76,,,40826,443,0,37,17
1584694055.6247482,173.194.163.76,10.10.0.10,,,443,40826,0,1358,17
1584694055.6312973,173.194.163.76,10.10.0.10,,,443,40826,0,1358,17
1584694055.633054,10.10.0.10,173.194.163.76,,,40826,443,0,37,17
1584694055.6378489,173.194.163.76,10.10.0.10,,,443,40826,0,1358,17
1584694055.644401,173.194.163.76,10.10.0.10,,,443,40826,0,1358,17
1584694055.646024,10.10.0.10,173.194.163.76,,,40826,443,0,37,17
1584694055.6509626,173.194.163.76,10.10.0.10,,,443,40826,0,1358,17
1584694055.657514,173.194.163.76,10.10.0.10,,,443,40826,0,1358,17
1584694055.6593044,10.10.0.10,173.194.163.76,,,40826,443,0,37,17
1584694055.664058,173.194.163.76,10.10.0.10,,,443,40826,0,1358,17
1584694055.6706018,173.194.163.76,10.10.0.10,,,443,40826,0,1358,17
1584694055.6724286,10.10.0.10,173.194.163.76,,,40826,443,0,37,17
1584694055.6771538,173.194.163.76,10.10.0.10,,,443,40826,0,1358,17
1584694055.6837082,173.194.163.76,10.10.0.10,,,443,40826,0,1358,17
1584694055.685433,10.10.0.10,173.194.163.76,,,40826,443,0,37,17
1584694055.6902692,173.194.163.76,10.10.0.10,,,443,40826,0,1358,17
1584694055.6968038,173.194.163.76,10.10.0.10,,,443,40826,0,1358,17
1584694055.698526,10.10.0.10,173.194.163.76,,,40826,443,0,37,17
1584694055.703362,173.194.163.76,10.10.0.10,,,443,40826,0,1358,17
1584694055.7099068,173.194.163.76,10.10.0.10,,,443,40826,0,1358,17
1584694055.711534,10.10.0.10,173.194.163.76,,,40826,443,0,37,17
1584694055.716455,173.194.163.76,10.10.0.10,,,443,40826,0,1358,17
1584694055.723015,173.194.163.76,10.10.0.10,,,443,40826,0,1358,17
1584694055.7245526,10.10.0.10,173.194.163.76,,,40826,443,0,37,17
1584694055.729577,173.194.163.76,10.10.0.10,,,443,40826,0,1358,17
1584694055.73611,173.194.163.76,10.10.0.10,,,443,40826,0,1358,17
1584694055.7380538,10.10.0.10,173.194.163.76,,,40826,443,0,37,17
1584694055.742657,173.194.163.76,10.10.0.10,,,443,40826,0,1358,17
1584694055.74921,173.194.163.76,10.10.0.10,,,443,40826,0,1358,17
1584694055.750907,10.10.0.10,173.194.163.76,,,40826,443,0,37,17
1584694055.7557638,173.194.163.76,10.10.0.10,,,443,40826,0,1358,17
1584694055.762305,173.194.163.76,10.10.0.10,,,443,40826,0,1358,17
1584694055.763928,10.10.0.10,173.194.163.76,,,40826,443,0,37,17
1584694055.768861,173.194.163.76,10.10.0.10,,,443,40826,0,1358,17
1584694055.775416,173.194.163.76,10.10.0.10,,,443,40826,0,1358,17
1584694055.7771552,10.10.0.10,173.194.163.76,,,40826,443,0,37,17
1584694055.7819624,173.194.163.76,10.10.0.10,,,443,40826,0,1358,17
1584694055.7885149,173.194.163.76,10.10.0.10,,,443,40826,0,1358,17
1584694055.790281,10.10.0.10,173.194.163.76,,,40826,443,0,50,17
1584694055.795076,173.194.163.76,10.10.0.10,,,443,40826,0,1358,17
1584694055.801617,173.194.163.76,10.10.0.10,,,443,40826,0,1358,17
1584694055.803174,10.10.0.10,173.194.163.76,,,40826,443,0,37,17
1584694055.8081632,173.194.163.76,10.10.0.10,,,443,40826,0,1358,17
1584694055.814713,173.194.163.76,10.10.0.10,,,443,40826,0,1358,17
1584694055.8182852,10.10.0.10,173.194.163.76,,,40826,443,0,37,17
1584694055.821264,173.194.163.76,10.10.0.10,,,443,40826,0,1358,17
1584694055.827828,173.194.163.76,10.10.0.10,,,443,40826,0,1358,17
1584694055.82953,10.10.0.10,173.194.163.76,,,40826,443,0,37,17
1584694055.834367,173.194.163.76,10.10.0.10,,,443,40826,0,29,17
1584694055.8346589,173.194.163.76,10.10.0.10,,,443,40826,0,1358,17
1584694055.841209,173.194.163.76,10.10.0.10,,,443,40826,0,1358,17
1584694055.842779,10.10.0.10,173.194.163.76,,,40826,443,0,37,17
1584694055.8477652,173.194.163.76,10.10.0.10,,,443,40826,0,1358,17
1584694055.854327,173.194.163.76,10.10.0.10,,,443,40826,0,1358,17
1584694055.856035,10.10.0.10,173.194.163.76,,,40826,443,0,37,17
1584694055.8608668,173.194.163.76,10.10.0.10,,,443,40826,0,1358,17
1584694055.867415,173.194.163.76,10.10.0.10,,,443,40826,0,1358,17
1584694055.8708,10.10.0.10,173.194.163.76,,,40826,443,0,37,17
1584694055.873966,173.194.163.76,10.10.0.10,,,443,40826,0,1358,17
1584694055.8805132,173.194.163.76,10.10.0.10,,,443,40826,0,1358,17
1584694055.882301,10.10.0.10,173.194.163.76,,,40826,443,0,37,17
1584694055.887063,173.194.163.76,10.10.0.10,,,443,40826,0,1358,17
1584694055.893613,173.194.163.76,10.10.0.10,,,443,40826,0,1358,17
1584694055.8959296,10.10.0.10,173.194.163.76,,,40826,443,0,37,17
1584694055.9001641,173.194.163.76,10.10.0.10,,,443,40826,0,1358,17
1584694055.9067204,173.194.163.76,10.10.0.10,,,443,40826,0,1358,17
1584694055.9082868,10.10.0.10,173.194.163.76,,,40826,443,0,37,17
1584694055.9132738,173.194.163.76,10.10.0.10,,,443,40826,0,1358,17
1584694055.919817,173.194.163.76,10.10.0.10,,,443,40826,0,1358,17
1584694055.9215276,10.10.0.10,173.194.163.76,,,40826,443,0,37,17
1584694055.926384,173.194.163.76,10.10.0.10,,,443,40826,0,1358,17
1584694055.93292,173.194.163.76,10.10.0.10,,,443,40826,0,1358,17
1584694055.934798,10.10.0.10,173.194.163.76,,,40826,443,0,37,17
1584694055.939472,173.194.163.76,10.10.0.10,,,443,40826,0,1358,17
1584694055.946022,173.194.163.76,10.10.0.10,,,443,40826,0,1358,17
1584694055.9489038,10.10.0.10,173.194.163.76,,,40826,443,0,37,17
1584694055.952575,173.194.163.76,10.10.0.10,,,443,40826,0,1358,17
1584694055.959136,173.194.163.76,10.10.0.10,,,443,40826,0,1358,17
1584694055.965699,173.194.163.76,10.10.0.10,,,443,40826,0,1358,17
1584694055.9669251,10.10.0.10,173.194.163.76,,,40826,443,0,37,17
1584694055.972222,173.194.163.76,10.10.0.10,,,443,40826,0,1358,17
1584694055.9740498,10.10.0.10,173.194.163.76,,,40826,443,0,37,17
1584694055.978774,173.194.163.76,10.10.0.10,,,443,40826,0,1358,17
1584694055.985326,173.194.163.76,10.10.0.10,,,443,40826,0,1358,17
1584694055.986993,10.10.0.10,173.194.163.76,,,40826,443,0,37,17
1584694055.9918811,173.194.163.76,10.10.0.10,,,443,40826,0,1358,17
1584694055.998425,173.194.163.76,10.10.0.10,,,443,40826,0,1358,17
1584694056.00015,10.10.0.10,173.194.163.76,,,40826,443,0,37,17
1584694056.004976,173.194.163.76,10.10.0.10,,,443,40826,0,1358,17
1584694056.011528,173.194.163.76,10.10.0.10,,,443,40826,0,1358,17
1584694056.0134275,10.10.0.10,173.194.163.76,,,40826,443,0,37,17
1584694056.0180864,173.194.163.76,10.10.0.10,,,443,40826,0,1358,17
1584694056.024626,173.194.163.76,10.10.0.10,,,443,40826,0,1358,17
1584694056.026361,10.10.0.10,173.194.163.76,,,40826,443,0,37,17
1584694056.031176,173.194.163.76,10.10.0.10,,,443,40826,0,1358,17
1584694056.037742,173.194.163.76,10.10.0.10,,,443,40826,0,1358,17
1584694056.039526,10.10.0.10,173.194.163.76,,,40826,443,0,37,17
1584694056.044274,173.194.163.76,10.10.0.10,,,443,40826,0,1358,17
1584694056.050831,173.194.163.76,10.10.0.10,,,443,40826,0,1358,17
1584694056.0525448,10.10.0.10,173.194.163.76,,,40826,443,0,50,17
1584694056.057383,173.194.163.76,10.10.0.10,,,443,40826,0,1358,17
1584694056.0639539,173.194.163.76,10.10.0.10,,,443,40826,0,1358,17
1584694056.065551,10.10.0.10,173.194.163.76,,,40826,443,0,37,17
1584694056.070483,173.194.163.76,10.10.0.10,,,443,40826,0,1358,17
1584694056.0770311,173.194.163.76,10.10.0.10,,,443,40826,0,1358,17
1584694056.0786214,10.10.0.10,173.194.163.76,,,40826,443,0,37,17
1584694056.083584,173.194.163.76,10.10.0.10,,,443,40826,0,1358,17
1584694056.090137,173.194.163.76,10.10.0.10,,,443,40826,0,29,17
1584694056.090424,173.194.163.76,10.10.0.10,,,443,40826,0,1358,17
1584694056.0924964,10.10.0.10,173.194.163.76,,,40826,443,0,37,17
1584694056.096991,173.194.163.76,10.10.0.10,,,443,40826,0,1358,17
1584694056.103534,173.194.163.76,10.10.0.10,,,443,40826,0,1358,17
1584694056.1051412,10.10.0.10,173.194.163.76,,,40826,443,0,37,17
1584694056.1100838,173.194.163.76,10.10.0.10,,,443,40826,0,1358,17
1584694056.116631,173.194.163.76,10.10.0.10,,,443,40826,0,1358,17
1584694056.1181269,10.10.0.10,173.194.163.76,,,40826,443,0,37,17
1584694056.123192,173.194.163.76,10.10.0.10,,,443,40826,0,1358,17
1584694056.12976,173.194.163.76,10.10.0.10,,,443,40826,0,1358,17
1584694056.131394,10.10.0.10,173.194.163.76,,,40826,443,0,37,17
1584694056.136281,173.194.163.76,10.10.0.10,,,443,40826,0,1358,17
1584694056.142832,173.194.163.76,10.10.0.10,,,443,40826,0,1358,17
1584694056.144377,10.10.0.10,173.194.163.76,,,40826,443,0,37,17
1584694056.149385,173.194.163.76,10.10.0.10,,,443,40826,0,1358,17
1584694056.1559381,173.194.163.76,10.10.0.10,,,443,40826,0,1358,17
1584694056.157521,10.10.0.10,173.194.163.76,,,40826,443,0,37,17
1584694056.162506,173.194.163.76,10.10.0.10,,,443,40826,0,1358,17
1584694056.169038,173.194.163.76,10.10.0.10,,,443,40826,0,1358,17
1584694056.1755881,173.194.163.76,10.10.0.10,,,443,40826,0,1358,17
1584694056.177521,10.10.0.10,173.194.163.76,,,40826,443,0,37,17
1584694056.18214,173.194.163.76,10.10.0.10,,,443,40826,0,1358,17
1584694056.1838946,10.10.0.10,173.194.163.76,,,40826,443,0,37,17
1584694056.188692,173.194.163.76,10.10.0.10,,,443,40826,0,1358,17
1584694056.195251,173.194.163.76,10.10.0.10,,,443,40826,0,1358,17
1584694056.197043,10.10.0.10,173.194.163.76,,,40826,443,0,37,17
1584694056.2018132,173.194.163.76,10.10.0.10,,,443,40826,0,1358,17
1584694056.2083368,173.194.163.76,10.10.0.10,,,443,40826,0,1358,17
1584694056.209917,10.10.0.10,173.194.163.76,,,40826,443,0,37,17
1584694056.2148929,173.194.163.76,10.10.0.10,,,443,40826,0,1358,17
1584694056.221447,173.194.163.76,10.10.0.10,,,443,40826,0,1358,17
1584694056.223016,10.10.0.10,173.194.163.76,,,40826,443,0,37,17
1584694056.2279902,173.194.163.76,10.10.0.10,,,443,40826,0,1358,17
1584694056.234562,173.194.163.76,10.10.0.10,,,443,40826,0,1358,17
1584694056.2361438,10.10.0.10,173.194.163.76,,,40826,443,0,37,17
1584694056.241097,173.194.163.76,10.10.0.10,,,443,40826,0,1358,17
1584694056.2476456,173.194.163.76,10.10.0.10,,,443,40826,0,1358,17
1584694056.251266,10.10.0.10,173.194.163.76,,,40826,443,0,37,17
1584694056.2541964,173.194.163.76,10.10.0.10,,,443,40826,0,1358,17
1584694056.260751,173.194.163.76,10.10.0.10,,,443,40826,0,1358,17
1584694056.2624118,10.10.0.10,173.194.163.76,,,40826,443,0,37,17
1584694056.267302,173.194.163.76,10.10.0.10,,,443,40826,0,1358,17
1584694056.2738438,173.194.163.76,10.10.0.10,,,443,40826,0,1358,17
1584694056.275537,10.10.0.10,173.194.163.76,,,40826,443,0,37,17
1584694056.2803981,173.194.163.76,10.10.0.10,,,443,40826,0,1358,17
1584694056.28695,173.194.163.76,10.10.0.10,,,443,40826,0,1358,17
1584694056.2885349,10.10.0.10,173.194.163.76,,,40826,443,0,37,17
1584694056.293499,173.194.163.76,10.10.0.10,,,443,40826,0,1358,17
1584694056.300065,173.194.163.76,10.10.0.10,,,443,40826,0,1358,17
1584694056.3018901,10.10.0.10,173.194.163.76,,,40826,443,0,37,17
1584694056.3065972,173.194.163.76,10.10.0.10,,,443,40826,0,1358,17
1584694056.3131518,173.194.163.76,10.10.0.10,,,443,40826,0,1358,17
1584694056.315275,10.10.0.10,173.194.163.76,,,40826,443,0,50,17
1584694056.319698,173.194.163.76,10.10.0.10,,,443,40826,0,1358,17
1584694056.3262534,173.194.163.76,10.10.0.10,,,443,40826,0,1358,17
1584694056.330391,10.10.0.10,173.194.163.76,,,40826,443,0,37,17
1584694056.332813,173.194.163.76,10.10.0.10,,,443,40826,0,1358,17
1584694056.3393786,173.194.163.76,10.10.0.10,,,443,40826,0,1358,17
1584694056.3410368,10.10.0.10,173.194.163.76,,,40826,443,0,37,17
1584694056.345908,173.194.163.76,10.10.0.10,,,443,40826,0,1358,17
1584694056.3524532,173.194.163.76,10.10.0.10,,,443,40826,0,1358,17
1584694056.3545349,10.10.0.10,173.194.163.76,,,40826,443,0,37,17
1584694056.3590062,173.194.163.76,10.10.0.10,,,443,40826,0,1358,17
1584694056.365561,173.194.163.76,10.10.0.10,,,443,40826,0,1358,17
1584694056.3671398,10.10.0.10,173.194.163.76,,,40826,443,0,37,17
1584694056.372102,173.194.163.76,10.10.0.10,,,443,40826,0,1358,17
1584694056.3786561,173.194.163.76,10.10.0.10,,,443,40826,0,1358,17
1584694056.3803892,10.10.0.10,173.194.163.76,,,40826,443,0,37,17
1584694056.385205,173.194.163.76,10.10.0.10,,,443,40826,0,1358,17
1584694056.3917592,173.194.163.76,10.10.0.10,,,443,40826,0,1358,17
1584694056.393266,10.10.0.10,173.194.163.76,,,40826,443,0,37,17
1584694056.3983116,173.194.163.76,10.10.0.10,,,443,40826,0,1358,17
1584694056.4048722,173.194.163.76,10.10.0.10,,,443,40826,0,1358,17
1584694056.4063802,10.10.0.10,173.194.163.76,,,40826,443,0,37,17
1584694056.411434,173.194.163.76,10.10.0.10,,,443,40826,0,1358,17
1584694056.417967,173.194.163.76,10.10.0.10,,,443,40826,0,1358,17
1584694056.420008,10.10.0.10,173.194.163.76,,,40826,443,0,37,17
1584694056.424512,173.194.163.76,10.10.0.10,,,443,40826,0,1358,17
1584694056.4310632,173.194.163.76,10.10.0.10,,,443,40826,0,1358,17
1584694056.4329069,10.10.0.10,173.194.163.76,,,40826,443,0,37,17
1584694056.43762,173.194.163.76,10.10.0.10,,,443,40826,0,1358,17
1584694056.4441822,173.194.163.76,10.10.0.10,,,443,40826,0,1358,17
1584694056.4457624,10.10.0.10,173.194.163.76,,,40826,443,0,37,17
1584694056.4507134,173.194.163.76,10.10.0.10,,,443,40826,0,1358,17
1584694056.4572651,173.194.163.76,10.10.0.10,,,443,40826,0,1358,17
1584694056.4591599,10.10.0.10,173.194.163.76,,,40826,443,0,37,17
1584694056.463816,173.194.163.76,10.10.0.10,,,443,40826,0,1358,17
1584694056.4703689,173.194.163.76,10.10.0.10,,,443,40826,0,1358,17
1584694056.472128,10.10.0.10,173.194.163.76,,,40826,443,0,37,17
1584694056.4769301,173.194.163.76,10.10.0.10,,,443,40826,0,1358,17
1584694056.483468,173.194.163.76,10.10.0.10,,,443,40826,0,1358,17
1584694056.4850152,10.10.0.10,173.194.163.76,,,40826,443,0,37,17
1584694056.490014,173.194.163.76,10.10.0.10,,,443,40826,0,1358,17
1584694056.496568,173.194.163.76,10.10.0.10,,,443,40826,0,1358,17
1584694056.4984071,10.10.0.10,173.194.163.76,,,40826,443,0,37,17
1584694056.5031214,173.194.163.76,10.10.0.10,,,443,40826,0,1358,17
1584694056.5096838,173.194.163.76,10.10.0.10,,,443,40826,0,1358,17
1584694056.5114062,10.10.0.10,173.194.163.76,,,40826,443,0,37,17
1584694056.516215,173.194.163.76,10.10.0.10,,,443,40826,0,1358,17
1584694056.5227716,173.194.163.76,10.10.0.10,,,443,40826,0,1358,17
1584694056.524416,10.10.0.10,173.194.163.76,,,40826,443,0,37,17
1584694056.529319,173.194.163.76,10.10.0.10,,,443,40826,0,1358,17
1584694056.535873,173.194.163.76,10.10.0.10,,,443,40826,0,1358,17
1584694056.5378828,10.10.0.10,173.194.163.76,,,40826,443,0,37,17
1584694056.542422,173.194.163.76,10.10.0.10,,,443,40826,0,1358,17
1584694056.5489779,173.194.163.76,10.10.0.10,,,443,40826,0,1358,17
1584694056.555524,173.194.163.76,10.10.0.10,,,443,40826,0,1358,17
1584694056.562075,173.194.163.76,10.10.0.10,,,443,40826,0,1358,17
1584694056.5686266,173.194.163.76,10.10.0.10,,,443,40826,0,1358,17
1584694056.5707822,10.10.0.10,173.194.163.76,,,40826,443,0,37,17
1584694056.5712929,10.10.0.10,173.194.163.76,,,40826,443,0,37,17
1584694056.57518,173.194.163.76,10.10.0.10,,,443,40826,0,1358,17
1584694056.5774028,10.10.0.10,173.194.163.76,,,40826,443,0,50,17
1584694056.5817401,173.194.163.76,10.10.0.10,,,443,40826,0,1358,17
1584694056.588291,173.194.163.76,10.10.0.10,,,443,40826,0,1358,17
1584694056.5902774,10.10.0.10,173.194.163.76,,,40826,443,0,37,17
1584694056.594824,173.194.163.76,10.10.0.10,,,443,40826,0,1358,17
1584694056.601378,173.194.163.76,10.10.0.10,,,443,40826,0,1358,17
1584694056.6030178,10.10.0.10,173.194.163.76,,,40826,443,0,37,17
1584694056.607936,173.194.163.76,10.10.0.10,,,443,40826,0,1358,17
1584694056.614491,173.194.163.76,10.10.0.10,,,443,40826,0,1358,17
1584694056.616153,10.10.0.10,173.194.163.76,,,40826,443,0,37,17
1584694056.6210349,173.194.163.76,10.10.0.10,,,443,40826,0,1358,17
1584694056.627579,173.194.163.76,10.10.0.10,,,443,40826,0,1358,17
1584694056.629256,10.10.0.10,173.194.163.76,,,40826,443,0,37,17
1584694056.6341262,173.194.163.76,10.10.0.10,,,443,40826,0,1358,17
1584694056.6406848,173.194.163.76,10.10.0.10,,,443,40826,0,1358,17
1584694056.642383,10.10.0.10,173.194.163.76,,,40826,443,0,37,17
1584694056.647239,173.194.163.76,10.10.0.10,,,443,40826,0,1358,17
1584694056.6538026,173.194.163.76,10.10.0.10,,,443,40826,0,1358,17
1584694056.655401,10.10.0.10,173.194.163.76,,,40826,443,0,37,17
1584694056.660336,173.194.163.76,10.10.0.10,,,443,40826,0,1358,17
1584694056.666884,173.194.163.76,10.10.0.10,,,443,40826,0,1358,17
1584694056.6684961,10.10.0.10,173.194.163.76,,,40826,443,0,37,17
1584694056.673439,173.194.163.76,10.10.0.10,,,443,40826,0,1358,17
1584694056.6799805,173.194.163.76,10.10.0.10,,,443,40826,0,1358,17
1584694056.681658,10.10.0.10,173.194.163.76,,,40826,443,0,37,17
1584694056.68655,173.194.163.76,10.10.0.10,,,443,40826,0,1358,17
1584694056.693086,173.194.163.76,10.10.0.10,,,443,40826,0,1358,17
1584694056.694777,10.10.0.10,173.194.163.76,,,40826,443,0,37,17
1584694056.699639,173.194.163.76,10.10.0.10,,,443,40826,0,1358,17
1584694056.7061868,173.194.163.76,10.10.0.10,,,443,40826,0,1358,17
1584694056.712733,173.194.163.76,10.10.0.10,,,443,40826,0,1358,17
1584694056.71376,10.10.0.10,173.194.163.76,,,40826,443,0,37,17
1584694056.7193027,173.194.163.76,10.10.0.10,,,443,40826,0,1358,17
1584694056.720997,10.10.0.10,173.194.163.76,,,40826,443,0,37,17
1584694056.725848,173.194.163.76,10.10.0.10,,,443,40826,0,1358,17
1584694056.7323859,173.194.163.76,10.10.0.10,,,443,40826,0,1358,17
1584694056.734129,10.10.0.10,173.194.163.76,,,40826,443,0,37,17
1584694056.738945,173.194.163.76,10.10.0.10,,,443,40826,0,1358,17
1584694056.7454915,173.194.163.76,10.10.0.10,,,443,40826,0,1358,17
1584694056.747139,10.10.0.10,173.194.163.76,,,40826,443,0,37,17
1584694056.7520409,173.194.163.76,10.10.0.10,,,443,40826,0,1358,17
1584694056.758591,173.194.163.76,10.10.0.10,,,443,40826,0,1358,17
1584694056.760128,10.10.0.10,173.194.163.76,,,40826,443,0,37,17
1584694056.7651432,173.194.163.76,10.10.0.10,,,443,40826,0,1358,17
1584694056.771698,173.194.163.76,10.10.0.10,,,443,40826,0,1358,17
1584694056.7735238,10.10.0.10,173.194.163.76,,,40826,443,0,37,17
1584694056.7782438,173.194.163.76,10.10.0.10,,,443,40826,0,1358,17
1584694056.784803,173.194.163.76,10.10.0.10,,,443,40826,0,1358,17
1584694056.786649,10.10.0.10,173.194.163.76,,,40826,443,0,37,17
1584694056.79136,173.194.163.76,10.10.0.10,,,443,40826,0,1358,17
1584694056.7978961,173.194.163.76,10.10.0.10,,,443,40826,0,1358,17
1584694056.7995222,10.10.0.10,173.194.163.76,,,40826,443,0,37,17
1584694056.804445,173.194.163.76,10.10.0.10,,,443,40826,0,1358,17
1584694056.8109958,173.194.163.76,10.10.0.10,,,443,40826,0,1358,17
1584694056.8127706,10.10.0.10,173.194.163.76,,,40826,443,0,37,17
1584694056.8175485,173.194.163.76,10.10.0.10,,,443,40826,0,1358,17
1584694056.8240929,173.194.163.76,10.10.0.10,,,443,40826,0,1358,17
1584694056.825511,10.10.0.10,173.194.163.76,,,40826,443,0,37,17
1584694056.8306668,173.194.163.76,10.10.0.10,,,443,40826,0,219,17
1584694056.8520286,10.10.0.10,173.194.163.76,,,40826,443,0,732,17
1584694056.8522534,10.10.0.10,173.194.163.76,,,40826,443,0,48,17
1584694056.8561552,173.194.163.76,10.10.0.10,,,443,40826,0,115,17
1584694056.8562908,173.194.163.76,10.10.0.10,,,443,40826,0,1358,17
1584694056.856327,173.194.163.76,10.10.0.10,,,443,40826,0,1358,17
1584694056.8578749,10.10.0.10,173.194.163.76,,,40826,443,0,37,17
1584694056.8624382,173.194.163.76,10.10.0.10,,,443,40826,0,1358,17
1584694056.863128,10.10.0.10,173.194.163.76,,,40826,443,0,729,17
1584694056.863154,10.10.0.10,173.194.163.76,,,40826,443,0,48,17
1584694056.868983,173.194.163.76,10.10.0.10,,,443,40826,0,1358,17
1584694056.87125,10.10.0.10,173.194.163.76,,,40826,443,0,37,17
1584694056.8755481,173.194.163.76,10.10.0.10,,,443,40826,0,1358,17
1584694056.8820882,173.194.163.76,10.10.0.10,,,443,40826,0,1358,17
1584694056.883896,10.10.0.10,173.194.163.76,,,40826,443,0,37,17
1584694056.888639,173.194.163.76,10.10.0.10,,,443,40826,0,1358,17
1584694056.895189,173.194.163.76,10.10.0.10,,,443,40826,0,1358,17
1584694056.8968642,10.10.0.10,173.194.163.76,,,40826,443,0,37,17
1584694056.901741,173.194.163.76,10.10.0.10,,,443,40826,0,1358,17
1584694056.908296,173.194.163.76,10.10.0.10,,,443,40826,0,29,17
1584694056.9085882,173.194.163.76,10.10.0.10,,,443,40826,0,1358,17
1584694056.9105196,10.10.0.10,173.194.163.76,,,40826,443,0,37,17
1584694056.9151332,173.194.163.76,10.10.0.10,,,443,40826,0,1358,17
1584694056.92169,173.194.163.76,10.10.0.10,,,443,40826,0,1358,17
1584694056.9234982,10.10.0.10,173.194.163.76,,,40826,443,0,37,17
1584694056.9282362,173.194.163.76,10.10.0.10,,,443,40826,0,1358,17
1584694056.9347901,173.194.163.76,10.10.0.10,,,443,40826,0,1358,17
1584694056.9367502,10.10.0.10,173.194.163.76,,,40826,443,0,37,17
1584694056.9413419,173.194.163.76,10.10.0.10,,,443,40826,0,1358,17
1584694056.947892,173.194.163.76,10.10.0.10,,,443,40826,0,1358,17
1584694056.950019,10.10.0.10,173.194.163.76,,,40826,443,0,37,17
1584694056.954442,173.194.163.76,10.10.0.10,,,443,40826,0,1358,17
1584694056.9609892,173.194.163.76,10.10.0.10,,,443,40826,0,1358,17
1584694056.96361,10.10.0.10,173.194.163.76,,,40826,443,0,37,17
1584694056.9675422,173.194.163.76,10.10.0.10,,,443,40826,0,1358,17
1584694056.9740946,173.194.163.76,10.10.0.10,,,443,40826,0,1358,17
1584694056.9756188,10.10.0.10,173.194.163.76,,,40826,443,0,37,17
1584694056.980639,173.194.163.76,10.10.0.10,,,443,40826,0,1358,17
1584694056.9871938,173.194.163.76,10.10.0.10,,,443,40826,0,1358,17
1584694056.9888911,10.10.0.10,173.194.163.76,,,40826,443,0,37,17
1584694056.9937394,173.194.163.76,10.10.0.10,,,443,40826,0,1358,17
1584694057.000289,173.194.163.76,10.10.0.10,,,443,40826,0,1358,17
1584694057.0018814,10.10.0.10,173.194.163.76,,,40826,443,0,37,17
1584694057.006844,173.194.163.76,10.10.0.10,,,443,40826,0,1358,17
1584694057.013405,173.194.163.76,10.10.0.10,,,443,40826,0,1358,17
1584694057.017518,10.10.0.10,173.194.163.76,,,40826,443,0,37,17
1584694057.019943,173.194.163.76,10.10.0.10,,,443,40826,0,1358,17
1584694057.0264988,173.194.163.76,10.10.0.10,,,443,40826,0,1358,17
1584694057.0294619,10.10.0.10,173.194.163.76,,,40826,443,0,37,17
1584694057.0330534,173.194.163.76,10.10.0.10,,,443,40826,0,1358,17
1584694057.039595,173.194.163.76,10.10.0.10,,,443,40826,0,1358,17
1584694057.041236,10.10.0.10,173.194.163.76,,,40826,443,0,37,17
1584694057.046145,173.194.163.76,10.10.0.10,,,443,40826,0,1358,17
1584694057.052711,173.194.163.76,10.10.0.10,,,443,40826,0,1358,17
1584694057.054226,10.10.0.10,173.194.163.76,,,40826,443,0,37,17
1584694057.059247,173.194.163.76,10.10.0.10,,,443,40826,0,1358,17
1584694057.0658019,173.194.163.76,10.10.0.10,,,443,40826,0,1358,17
1584694057.067374,10.10.0.10,173.194.163.76,,,40826,443,0,37,17
1584694057.072352,173.194.163.76,10.10.0.10,,,443,40826,0,1358,17
1584694057.078899,173.194.163.76,10.10.0.10,,,443,40826,0,1358,17
1584694057.0804696,10.10.0.10,173.194.163.76,,,40826,443,0,37,17
1584694057.085449,173.194.163.76,10.10.0.10,,,443,40826,0,1358,17
1584694057.091999,173.194.163.76,10.10.0.10,,,443,40826,0,1358,17
1584694057.094082,10.10.0.10,173.194.163.76,,,40826,443,0,37,17
1584694057.0985546,173.194.163.76,10.10.0.10,,,443,40826,0,1358,17
1584694057.1051052,173.194.163.76,10.10.0.10,,,443,40826,0,1358,17
1584694057.106745,10.10.0.10,173.194.163.76,,,40826,443,0,37,17
1584694057.1116602,173.194.163.76,10.10.0.10,,,443,40826,0,1358,17
1584694057.118205,173.194.163.76,10.10.0.10,,,443,40826,0,1358,17
1584694057.1197252,10.10.0.10,173.194.163.76,,,40826,443,0,50,17
1584694057.124752,173.194.163.76,10.10.0.10,,,443,40826,0,1358,17
1584694057.131308,173.194.163.76,10.10.0.10,,,443,40826,0,1358,17
1584694057.132875,10.10.0.10,173.194.163.76,,,40826,443,0,37,17
1584694057.1378536,173.194.163.76,10.10.0.10,,,443,40826,0,1358,17
1584694057.144403,173.194.163.76,10.10.0.10,,,443,40826,0,1358,17
1584694057.146966,10.10.0.10,173.194.163.76,,,40826,443,0,37,17
1584694057.150957,173.194.163.76,10.10.0.10,,,443,40826,0,1358,17
1584694057.157524,173.194.163.76,10.10.0.10,,,443,40826,0,1358,17
1584694057.1591,10.10.0.10,173.194.163.76,,,40826,443,0,37,17
1584694057.164056,173.194.163.76,10.10.0.10,,,443,40826,0,1358,17
1584694057.170611,173.194.163.76,10.10.0.10,,,443,40826,0,1358,17
1584694057.173091,10.10.0.10,173.194.163.76,,,40826,443,0,37,17
1584694057.177167,173.194.163.76,10.10.0.10,,,443,40826,0,1358,17
1584694057.1837242,173.194.163.76,10.10.0.10,,,443,40826,0,1358,17
1584694057.1855106,10.10.0.10,173.194.163.76,,,40826,443,0,37,17
1584694057.190258,173.194.163.76,10.10.0.10,,,443,40826,0,1358,17
1584694057.196809,173.194.163.76,10.10.0.10,,,443,40826,0,1358,17
1584694057.198246,10.10.0.10,173.194.163.76,,,40826,443,0,37,17
1584694057.2033598,173.194.163.76,10.10.0.10,,,443,40826,0,1358,17
1584694057.209916,173.194.163.76,10.10.0.10,,,443,40826,0,1358,17
1584694057.211513,10.10.0.10,173.194.163.76,,,40826,443,0,37,17
1584694057.2164614,173.194.163.76,10.10.0.10,,,443,40826,0,1358,17
1584694057.223034,173.194.163.76,10.10.0.10,,,443,40826,0,1358,17
1584694057.224618,10.10.0.10,173.194.163.76,,,40826,443,0,37,17
1584694057.229566,173.194.163.76,10.10.0.10,,,443,40826,0,1358,17
1584694057.236116,173.194.163.76,10.10.0.10,,,443,40826,0,1358,17
1584694057.237991,10.10.0.10,173.194.163.76,,,40826,443,0,37,17
1584694057.242666,173.194.163.76,10.10.0.10,,,443,40826,0,1358,17
1584694057.249217,173.194.163.76,10.10.0.10,,,443,40826,0,1358,17
1584694057.2521212,10.10.0.10,173.194.163.76,,,40826,443,0,37,17
1584694057.255785,173.194.163.76,10.10.0.10,,,443,40826,0,1358,17
1584694057.2623188,173.194.163.76,10.10.0.10,,,443,40826,0,1358,17
1584694057.2641199,10.10.0.10,173.194.163.76,,,40826,443,0,37,17
1584694057.2688668,173.194.163.76,10.10.0.10,,,443,40826,0,1358,17
1584694057.2754204,173.194.163.76,10.10.0.10,,,443,40826,0,1358,17
1584694057.2771332,10.10.0.10,173.194.163.76,,,40826,443,0,37,17
1584694057.2819731,173.194.163.76,10.10.0.10,,,443,40826,0,1358,17
1584694057.288537,173.194.163.76,10.10.0.10,,,443,40826,0,1358,17
1584694057.2903821,10.10.0.10,173.194.163.76,,,40826,443,0,37,17
1584694057.2950685,173.194.163.76,10.10.0.10,,,443,40826,0,1358,17
1584694057.301625,173.194.163.76,10.10.0.10,,,443,40826,0,1358,17
1584694057.30373,10.10.0.10,173.194.163.76,,,40826,443,0,37,17
1584694057.308168,173.194.163.76,10.10.0.10,,,443,40826,0,1358,17
1584694057.314727,173.194.163.76,10.10.0.10,,,443,40826,0,1358,17
1584694057.3172581,10.10.0.10,173.194.163.76,,,40826,443,0,37,17
1584694057.321269,173.194.163.76,10.10.0.10,,,443,40826,0,1358,17
1584694057.327826,173.194.163.76,10.10.0.10,,,443,40826,0,1358,17
1584694057.329601,10.10.0.10,173.194.163.76,,,40826,443,0,37,17
1584694057.3343716,173.194.163.76,10.10.0.10,,,443,40826,0,1358,17
1584694057.3409262,173.194.163.76,10.10.0.10,,,443,40826,0,1358,17
1584694057.342509,10.10.0.10,173.194.163.76,,,40826,443,0,37,17
1584694057.3474731,173.194.163.76,10.10.0.10,,,443,40826,0,1358,17
1584694057.354034,173.194.163.76,10.10.0.10,,,443,40826,0,1358,17
1584694057.3559802,10.10.0.10,173.194.163.76,,,40826,443,0,37,17
1584694057.3605974,173.194.163.76,10.10.0.10,,,443,40826,0,1358,17
1584694057.3671322,173.194.163.76,10.10.0.10,,,443,40826,0,1358,17
1584694057.370611,10.10.0.10,173.194.163.76,,,40826,443,0,37,17
1584694057.37368,173.194.163.76,10.10.0.10,,,443,40826,0,1358,17
1584694057.3802302,173.194.163.76,10.10.0.10,,,443,40826,0,1358,17
1584694057.381726,10.10.0.10,173.194.163.76,,,40826,443,0,50,17
1584694057.386776,173.194.163.76,10.10.0.10,,,443,40826,0,1358,17
1584694057.393343,173.194.163.76,10.10.0.10,,,443,40826,0,1358,17
1584694057.3948605,10.10.0.10,173.194.163.76,,,40826,443,0,37,17
1584694057.3999028,173.194.163.76,10.10.0.10,,,443,40826,0,1358,17
1584694057.4064329,173.194.163.76,10.10.0.10,,,443,40826,0,1358,17
1584694057.407976,10.10.0.10,173.194.163.76,,,40826,443,0,37,17
1584694057.412987,173.194.163.76,10.10.0.10,,,443,40826,0,1358,17
1584694057.419533,173.194.163.76,10.10.0.10,,,443,40826,0,1358,17
1584694057.4211311,10.10.0.10,173.194.163.76,,,40826,443,0,37,17
1584694057.4260929,173.194.163.76,10.10.0.10,,,443,40826,0,1358,17
1584694057.432655,173.194.163.76,10.10.0.10,,,443,40826,0,1358,17
1584694057.4342241,10.10.0.10,173.194.163.76,,,40826,443,0,37,17
1584694057.4391868,173.194.163.76,10.10.0.10,,,443,40826,0,1358,17
1584694057.445736,173.194.163.76,10.10.0.10,,,443,40826,0,1358,17
1584694057.447259,10.10.0.10,173.194.163.76,,,40826,443,0,37,17
1584694057.4522884,173.194.163.76,10.10.0.10,,,443,40826,0,1358,17
1584694057.458842,173.194.163.76,10.10.0.10,,,443,40826,0,1358,17
1584694057.4606,10.10.0.10,173.194.163.76,,,40826,443,0,37,17
1584694057.4654052,173.194.163.76,10.10.0.10,,,443,40826,0,1358,17
1584694057.4719422,173.194.163.76,10.10.0.10,,,443,40826,0,1358,17
1584694057.474226,10.10.0.10,173.194.163.76,,,40826,443,0,37,17
1584694057.4784892,173.194.163.76,10.10.0.10,,,443,40826,0,1358,17
1584694057.48504,173.194.163.76,10.10.0.10,,,443,40826,0,1358,17
1584694057.4868588,10.10.0.10,173.194.163.76,,,40826,443,0,37,17
1584694057.491591,173.194.163.76,10.10.0.10,,,443,40826,0,1358,17
1584694057.498136,173.194.163.76,10.10.0.10,,,443,40826,0,1358,17
1584694057.5002534,10.10.0.10,173.194.163.76,,,40826,443,0,37,17
1584694057.5046918,173.194.163.76,10.10.0.10,,,443,40826,0,1358,17
1584694057.511242,173.194.163.76,10.10.0.10,,,443,40826,0,1358,17
1584694057.5128796,10.10.0.10,173.194.163.76,,,40826,443,0,37,17
1584694057.517787,173.194.163.76,10.10.0.10,,,443,40826,0,1358,17
1584694057.5243402,173.194.163.76,10.10.0.10,,,443,40826,0,1358,17
1584694057.526002,10.10.0.10,173.194.163.76,,,40826,443,0,37,17
1584694057.530891,173.194.163.76,10.10.0.10,,,443,40826,0,1358,17
1584694057.537446,173.194.163.76,10.10.0.10,,,443,40826,0,1358,17
1584694057.5391262,10.10.0.10,173.194.163.76,,,40826,443,0,37,17
1584694057.5439901,173.194.163.76,10.10.0.10,,,443,40826,0,1358,17
1584694057.5505464,173.194.163.76,10.10.0.10,,,443,40826,0,1358,17
1584694057.5522301,10.10.0.10,173.194.163.76,,,40826,443,0,37,17
1584694057.557092,173.194.163.76,10.10.0.10,,,443,40826,0,1358,17
1584694057.5636456,173.194.163.76,10.10.0.10,,,443,40826,0,1358,17
1584694057.5654724,10.10.0.10,173.194.163.76,,,40826,443,0,37,17
1584694057.57021,173.194.163.76,10.10.0.10,,,443,40826,0,1358,17
1584694057.5767481,173.194.163.76,10.10.0.10,,,443,40826,0,1358,17
1584694057.5783572,10.10.0.10,173.194.163.76,,,40826,443,0,37,17
1584694057.583299,173.194.163.76,10.10.0.10,,,443,40826,0,1358,17
1584694057.58985,173.194.163.76,10.10.0.10,,,443,40826,0,1358,17
1584694057.59148,10.10.0.10,173.194.163.76,,,40826,443,0,37,17
1584694057.5963938,173.194.163.76,10.10.0.10,,,443,40826,0,1358,17
1584694057.602967,173.194.163.76,10.10.0.10,,,443,40826,0,1358,17
1584694057.604626,10.10.0.10,173.194.163.76,,,40826,443,0,37,17
1584694057.609499,173.194.163.76,10.10.0.10,,,443,40826,0,1358,17
1584694057.6160474,173.194.163.76,10.10.0.10,,,443,40826,0,1358,17
1584694057.6178758,10.10.0.10,173.194.163.76,,,40826,443,0,37,17
1584694057.622602,173.194.163.76,10.10.0.10,,,443,40826,0,1358,17
1584694057.629152,173.194.163.76,10.10.0.10,,,443,40826,0,1358,17
1584694057.6307228,10.10.0.10,173.194.163.76,,,40826,443,0,37,17
1584694057.635711,173.194.163.76,10.10.0.10,,,443,40826,0,1358,17
1584694057.642273,173.194.163.76,10.10.0.10,,,443,40826,0,1358,17
1584694057.6441245,10.10.0.10,173.194.163.76,,,40826,443,0,50,17
1584694057.6488054,173.194.163.76,10.10.0.10,,,443,40826,0,1358,17
1584694057.655355,173.194.163.76,10.10.0.10,,,443,40826,0,1358,17
1584694057.658998,10.10.0.10,173.194.163.76,,,40826,443,0,37,17
1584694057.661907,173.194.163.76,10.10.0.10,,,443,40826,0,1358,17
1584694057.6684608,173.194.163.76,10.10.0.10,,,443,40826,0,1358,17
1584694057.670247,10.10.0.10,173.194.163.76,,,40826,443,0,37,17
1584694057.6750221,173.194.163.76,10.10.0.10,,,443,40826,0,1358,17
1584694057.681558,173.194.163.76,10.10.0.10,,,443,40826,0,1358,17
1584694057.6831012,10.10.0.10,173.194.163.76,,,40826,443,0,37,17
1584694057.6881092,173.194.163.76,10.10.0.10,,,443,40826,0,1358,17
1584694057.694659,173.194.163.76,10.10.0.10,,,443,40826,0,1358,17
1584694057.696985,10.10.0.10,173.194.163.76,,,40826,443,0,37,17
1584694057.701209,173.194.163.76,10.10.0.10,,,443,40826,0,1358,17
1584694057.7077725,173.194.163.76,10.10.0.10,,,443,40826,0,1358,17
1584694057.709356,10.10.0.10,173.194.163.76,,,40826,443,0,37,17
1584694057.7143116,173.194.163.76,10.10.0.10,,,443,40826,0,1358,17
1584694057.720863,173.194.163.76,10.10.0.10,,,443,40826,0,1358,17
1584694057.7224786,10.10.0.10,173.194.163.76,,,40826,443,0,37,17
1584694057.7274098,173.194.163.76,10.10.0.10,,,443,40826,0,1358,17
1584694057.733967,173.194.163.76,10.10.0.10,,,443,40826,0,1358,17
1584694057.73585,10.10.0.10,173.194.163.76,,,40826,443,0,37,17
1584694057.740524,173.194.163.76,10.10.0.10,,,443,40826,0,1358,17
1584694057.747062,173.194.163.76,10.10.0.10,,,443,40826,0,1358,17
1584694057.7487464,10.10.0.10,173.194.163.76,,,40826,443,0,37,17
1584694057.7536142,173.194.163.76,10.10.0.10,,,443,40826,0,1358,17
1584694057.7601671,173.194.163.76,10.10.0.10,,,443,40826,0,1358,17
1584694057.763982,10.10.0.10,173.194.163.76,,,40826,443,0,37,17
1584694057.76671,173.194.163.76,10.10.0.10,,,443,40826,0,1358,17
1584694057.773272,173.194.163.76,10.10.0.10,,,443,40826,0,1358,17
1584694057.7748678,10.10.0.10,173.194.163.76,,,40826,443,0,37,17
1584694057.7798178,173.194.163.76,10.10.0.10,,,443,40826,0,1358,17
1584694057.786361,173.194.163.76,10.10.0.10,,,443,40826,0,1358,17
1584694057.7886188,10.10.0.10,173.194.163.76,,,40826,443,0,37,17
1584694057.792912,173.194.163.76,10.10.0.10,,,443,40826,0,1358,17
1584694057.7994668,173.194.163.76,10.10.0.10,,,443,40826,0,1358,17
1584694057.8012474,10.10.0.10,173.194.163.76,,,40826,443,0,37,17
1584694057.8060222,173.194.163.76,10.10.0.10,,,443,40826,0,1358,17
1584694057.812581,173.194.163.76,10.10.0.10,,,443,40826,0,1358,17
1584694057.814124,10.10.0.10,173.194.163.76,,,40826,443,0,37,17
1584694057.819118,173.194.163.76,10.10.0.10,,,443,40826,0,1358,17
1584694057.8256712,173.194.163.76,10.10.0.10,,,443,40826,0,1358,17
1584694057.832216,173.194.163.76,10.10.0.10,,,443,40826,0,1358,17
1584694057.8387716,173.194.163.76,10.10.0.10,,,443,40826,0,1358,17
1584694057.84533,173.194.163.76,10.10.0.10,,,443,40826,0,1358,17
1584694057.848968,10.10.0.10,173.194.163.76,,,40826,443,0,37,17
1584694057.8496199,10.10.0.10,173.194.163.76,,,40826,443,0,37,17
1584694057.8518932,173.194.163.76,10.10.0.10,,,443,40826,0,1358,17
1584694057.853374,10.10.0.10,173.194.163.76,,,40826,443,0,37,17
1584694057.858423,173.194.163.76,10.10.0.10,,,443,40826,0,1358,17
1584694057.864973,173.194.163.76,10.10.0.10,,,443,40826,0,1358,17
1584694057.866847,10.10.0.10,173.194.163.76,,,40826,443,0,37,17
1584694057.871524,173.194.163.76,10.10.0.10,,,443,40826,0,1358,17
1584694057.8780801,173.194.163.76,10.10.0.10,,,443,40826,0,1358,17
1584694057.87972,10.10.0.10,173.194.163.76,,,40826,443,0,37,17
1584694057.884641,173.194.163.76,10.10.0.10,,,443,40826,0,1358,17
1584694057.891175,173.194.163.76,10.10.0.10,,,443,40826,0,1358,17
1584694057.8928678,10.10.0.10,173.194.163.76,,,40826,443,0,37,17
1584694057.897726,173.194.163.76,10.10.0.10,,,443,40826,0,1358,17
1584694057.904273,173.194.163.76,10.10.0.10,,,443,40826,0,1358,17
1584694057.9066212,10.10.0.10,173.194.163.76,,,40826,443,0,50,17
1584694057.9108279,173.194.163.76,10.10.0.10,,,443,40826,0,1358,17
1584694057.9173732,173.194.163.76,10.10.0.10,,,443,40826,0,1358,17
1584694057.9190776,10.10.0.10,173.194.163.76,,,40826,443,0,37,17
1584694057.923933,173.194.163.76,10.10.0.10,,,443,40826,0,1358,17
1584694057.930481,173.194.163.76,10.10.0.10,,,443,40826,0,1358,17
1584694057.932225,10.10.0.10,173.194.163.76,,,40826,443,0,37,17
1584694057.937027,173.194.163.76,10.10.0.10,,,443,40826,0,1358,17
1584694057.943581,173.194.163.76,10.10.0.10,,,443,40826,0,1358,17
1584694057.9454918,10.10.0.10,173.194.163.76,,,40826,443,0,37,17
1584694057.950142,173.194.163.76,10.10.0.10,,,443,40826,0,1358,17
1584694057.956682,173.194.163.76,10.10.0.10,,,443,40826,0,1358,17
1584694057.9583464,10.10.0.10,173.194.163.76,,,40826,443,0,37,17
1584694057.963234,173.194.163.76,10.10.0.10,,,443,40826,0,1358,17
1584694057.969782,173.194.163.76,10.10.0.10,,,443,40826,0,1358,17
1584694057.9715679,10.10.0.10,173.194.163.76,,,40826,443,0,37,17
1584694057.9763298,173.194.163.76,10.10.0.10,,,443,40826,0,1358,17
1584694057.9828901,173.194.163.76,10.10.0.10,,,443,40826,0,1358,17
1584694057.9850779,10.10.0.10,173.194.163.76,,,40826,443,0,37,17
1584694057.9894292,173.194.163.76,10.10.0.10,,,443,40826,0,1358,17
1584694057.9959786,173.194.163.76,10.10.0.10,,,443,40826,0,1358,17
1584694057.9996178,10.10.0.10,173.194.163.76,,,40826,443,0,37,17
1584694058.0025306,173.194.163.76,10.10.0.10,,,443,40826,0,1358,17
1584694058.009089,173.194.163.76,10.10.0.10,,,443,40826,0,1358,17
1584694058.0105698,10.10.0.10,173.194.163.76,,,40826,443,0,37,17
1584694058.015627,173.194.163.76,10.10.0.10,,,443,40826,0,1358,17
1584694058.022181,173.194.163.76,10.10.0.10,,,443,40826,0,1358,17
1584694058.023725,10.10.0.10,173.194.163.76,,,40826,443,0,37,17
1584694058.0287359,173.194.163.76,10.10.0.10,,,443,40826,0,1358,17
1584694058.035289,173.194.163.76,10.10.0.10,,,443,40826,0,1358,17
1584694058.0372179,10.10.0.10,173.194.163.76,,,40826,443,0,37,17
1584694058.0418372,173.194.163.76,10.10.0.10,,,443,40826,0,1358,17
1584694058.0483868,173.194.163.76,10.10.0.10,,,443,40826,0,1358,17
1584694058.0498168,10.10.0.10,173.194.163.76,,,40826,443,0,37,17
1584694058.05495,173.194.163.76,10.10.0.10,,,443,40826,0,1358,17
1584694058.0614939,173.194.163.76,10.10.0.10,,,443,40826,0,1358,17
1584694058.0632222,10.10.0.10,173.194.163.76,,,40826,443,0,37,17
1584694058.068037,173.194.163.76,10.10.0.10,,,443,40826,0,1358,17
1584694058.0745964,173.194.163.76,10.10.0.10,,,443,40826,0,1358,17
1584694058.0762348,10.10.0.10,173.194.163.76,,,40826,443,0,37,17
1584694058.0811422,173.194.163.76,10.10.0.10,,,443,40826,0,1358,17
1584694058.0829651,10.10.0.10,173.194.163.76,,,40826,443,0,40,17
1584694058.087698,173.194.163.76,10.10.0.10,,,443,40826,0,1358,17
1584694058.0898595,10.10.0.10,173.194.163.76,,,40826,443,0,37,17
1584694058.0942595,173.194.163.76,10.10.0.10,,,443,40826,0,1358,17
1584694058.1007948,173.194.163.76,10.10.0.10,,,443,40826,0,1358,17
1584694058.102316,10.10.0.10,173.194.163.76,,,40826,443,0,37,17
1584694058.107343,173.194.163.76,10.10.0.10,,,443,40826,0,1358,17
1584694058.1138961,173.194.163.76,10.10.0.10,,,443,40826,0,1358,17
1584694058.116735,10.10.0.10,173.194.163.76,,,40826,443,0,37,17
1584694058.1204429,173.194.163.76,10.10.0.10,,,443,40826,0,1358,17
1584694058.1270099,173.194.163.76,10.10.0.10,,,443,40826,0,1358,17
1584694058.129715,10.10.0.10,173.194.163.76,,,40826,443,0,37,17
1584694058.133545,173.194.163.76,10.10.0.10,,,443,40826,0,1358,17
1584694058.140094,173.194.163.76,10.10.0.10,,,443,40826,0,1358,17
1584694058.1424534,10.10.0.10,173.194.163.76,,,40826,443,0,37,17
1584694058.1466448,173.194.163.76,10.10.0.10,,,443,40826,0,1358,17
1584694058.1532035,173.194.163.76,10.10.0.10,,,443,40826,0,1358,17
1584694058.1548169,10.10.0.10,173.194.163.76,,,40826,443,0,50,17
1584694058.159759,173.194.163.76,10.10.0.10,,,443,40826,0,1358,17
1584694058.166296,173.194.163.76,10.10.0.10,,,443,40826,0,1358,17
1584694058.1678119,10.10.0.10,173.194.163.76,,,40826,443,0,37,17
1584694058.172856,173.194.163.76,10.10.0.10,,,443,40826,0,1358,17
1584694058.179401,173.194.163.76,10.10.0.10,,,443,40826,0,1358,17
1584694058.180942,10.10.0.10,173.194.163.76,,,40826,443,0,37,17
1584694058.1859539,173.194.163.76,10.10.0.10,,,443,40826,0,29,17
1584694058.18624,173.194.163.76,10.10.0.10,,,443,40826,0,1358,17
1584694058.188211,10.10.0.10,173.194.163.76,,,40826,443,0,40,17
1584694058.192802,173.194.163.76,10.10.0.10,,,443,40826,0,1358,17
1584694058.194586,10.10.0.10,173.194.163.76,,,40826,443,0,40,17
1584694058.1993492,173.194.163.76,10.10.0.10,,,443,40826,0,1358,17
1584694058.200983,10.10.0.10,173.194.163.76,,,40826,443,0,40,17
1584694058.2059028,173.194.163.76,10.10.0.10,,,443,40826,0,1358,17
1584694058.208082,10.10.0.10,173.194.163.76,,,40826,443,0,40,17
1584694058.212449,173.194.163.76,10.10.0.10,,,443,40826,0,1358,17
1584694058.2190151,173.194.163.76,10.10.0.10,,,443,40826,0,1358,17
1584694058.2207162,10.10.0.10,173.194.163.76,,,40826,443,0,40,17
1584694058.2255518,173.194.163.76,10.10.0.10,,,443,40826,0,1358,17
1584694058.2320971,173.194.163.76,10.10.0.10,,,443,40826,0,1358,17
1584694058.2337306,10.10.0.10,173.194.163.76,,,40826,443,0,40,17
1584694058.238655,173.194.163.76,10.10.0.10,,,443,40826,0,1358,17
1584694058.2452028,173.194.163.76,10.10.0.10,,,443,40826,0,1358,17
1584694058.246983,10.10.0.10,173.194.163.76,,,40826,443,0,40,17
1584694058.251759,173.194.163.76,10.10.0.10,,,443,40826,0,1358,17
1584694058.2583196,173.194.163.76,10.10.0.10,,,443,40826,0,1358,17
1584694058.2599628,10.10.0.10,173.194.163.76,,,40826,443,0,40,17
1584694058.2648542,173.194.163.76,10.10.0.10,,,443,40826,0,1358,17
1584694058.2714062,173.194.163.76,10.10.0.10,,,443,40826,0,1358,17
1584694058.276078,10.10.0.10,173.194.163.76,,,40826,443,0,40,17
1584694058.2779572,173.194.163.76,10.10.0.10,,,443,40826,0,1358,17
1584694058.284504,173.194.163.76,10.10.0.10,,,443,40826,0,1358,17
1584694058.286465,10.10.0.10,173.194.163.76,,,40826,443,0,40,17
1584694058.291067,173.194.163.76,10.10.0.10,,,443,40826,0,1358,17
1584694058.297608,173.194.163.76,10.10.0.10,,,443,40826,0,1358,17
1584694058.299218,10.10.0.10,173.194.163.76,,,40826,443,0,40,17
1584694058.3041608,173.194.163.76,10.10.0.10,,,443,40826,0,1358,17
1584694058.3107116,173.194.163.76,10.10.0.10,,,443,40826,0,1358,17
1584694058.3123262,10.10.0.10,173.194.163.76,,,40826,443,0,40,17
1584694058.3172634,173.194.163.76,10.10.0.10,,,443,40826,0,1358,17
1584694058.323817,173.194.163.76,10.10.0.10,,,443,40826,0,1358,17
1584694058.325481,10.10.0.10,173.194.163.76,,,40826,443,0,40,17
1584694058.3303661,173.194.163.76,10.10.0.10,,,443,40826,0,1358,17
1584694058.336912,173.194.163.76,10.10.0.10,,,443,40826,0,1358,17
1584694058.33921,10.10.0.10,173.194.163.76,,,40826,443,0,40,17
1584694058.343458,173.194.163.76,10.10.0.10,,,443,40826,0,1358,17
1584694058.350015,173.194.163.76,10.10.0.10,,,443,40826,0,1358,17
1584694058.3515878,10.10.0.10,173.194.163.76,,,40826,443,0,40,17
1584694058.35656,173.194.163.76,10.10.0.10,,,443,40826,0,1358,17
1584694058.3631148,173.194.163.76,10.10.0.10,,,443,40826,0,1358,17
1584694058.3649502,10.10.0.10,173.194.163.76,,,40826,443,0,40,17
1584694058.369664,173.194.163.76,10.10.0.10,,,443,40826,0,1358,17
1584694058.376211,173.194.163.76,10.10.0.10,,,443,40826,0,1358,17
1584694058.378582,10.10.0.10,173.194.163.76,,,40826,443,0,40,17
1584694058.382765,173.194.163.76,10.10.0.10,,,443,40826,0,1358,17
1584694058.3843555,10.10.0.10,173.194.163.76,,,40826,443,0,55,17
1584694058.3893158,173.194.163.76,10.10.0.10,,,443,40826,0,1358,17
1584694058.3909473,10.10.0.10,173.194.163.76,,,40826,443,0,40,17
1584694058.3958788,173.194.163.76,10.10.0.10,,,443,40826,0,1358,17
1584694058.402417,173.194.163.76,10.10.0.10,,,443,40826,0,1358,17
1584694058.404851,10.10.0.10,173.194.163.76,,,40826,443,0,40,17
1584694058.4089699,173.194.163.76,10.10.0.10,,,443,40826,0,1358,17
1584694058.415519,173.194.163.76,10.10.0.10,,,443,40826,0,1358,17
1584694058.4171019,10.10.0.10,173.194.163.76,,,40826,443,0,40,17
1584694058.42207,173.194.163.76,10.10.0.10,,,443,40826,0,32,17
1584694058.4223802,173.194.163.76,10.10.0.10,,,443,40826,0,1358,17
1584694058.429717,173.194.163.76,10.10.0.10,,,443,40826,0,1358,17
1584694058.4312232,10.10.0.10,173.194.163.76,,,40826,443,0,37,17
1584694058.4362679,173.194.163.76,10.10.0.10,,,443,40826,0,1358,17
1584694058.442818,173.194.163.76,10.10.0.10,,,443,40826,0,1358,17
1584694058.4443538,10.10.0.10,173.194.163.76,,,40826,443,0,37,17
1584694058.449378,173.194.163.76,10.10.0.10,,,443,40826,0,1358,17
1584694058.455934,173.194.163.76,10.10.0.10,,,443,40826,0,1358,17
1584694058.457582,10.10.0.10,173.194.163.76,,,40826,443,0,37,17
1584694058.4624732,173.194.163.76,10.10.0.10,,,443,40826,0,1358,17
1584694058.469019,173.194.163.76,10.10.0.10,,,443,40826,0,1358,17
1584694058.4705732,10.10.0.10,173.194.163.76,,,40826,443,0,37,17
1584694058.475568,173.194.163.76,10.10.0.10,,,443,40826,0,1358,17
1584694058.482128,173.194.163.76,10.10.0.10,,,443,40826,0,1358,17
1584694058.48383,10.10.0.10,173.194.163.76,,,40826,443,0,37,17
1584694058.4886868,173.194.163.76,10.10.0.10,,,443,40826,0,1358,17
1584694058.495222,173.194.163.76,10.10.0.10,,,443,40826,0,1358,17
1584694058.496946,10.10.0.10,173.194.163.76,,,40826,443,0,37,17
1584694058.501774,173.194.163.76,10.10.0.10,,,443,40826,0,1358,17
1584694058.5083199,173.194.163.76,10.10.0.10,,,443,40826,0,1358,17
1584694058.5101054,10.10.0.10,173.194.163.76,,,40826,443,0,37,17
1584694058.514875,173.194.163.76,10.10.0.10,,,443,40826,0,1358,17
1584694058.5214221,173.194.163.76,10.10.0.10,,,443,40826,0,1358,17
1584694058.52308,10.10.0.10,173.194.163.76,,,40826,443,0,37,17
1584694058.5279698,173.194.163.76,10.10.0.10,,,443,40826,0,1358,17
1584694058.5345259,173.194.163.76,10.10.0.10,,,443,40826,0,1358,17
1584694058.536223,10.10.0.10,173.194.163.76,,,40826,443,0,37,17
1584694058.5410776,173.194.163.76,10.10.0.10,,,443,40826,0,1358,17
1584694058.547632,173.194.163.76,10.10.0.10,,,443,40826,0,1358,17
1584694058.5496,10.10.0.10,173.194.163.76,,,40826,443,0,40,17
1584694058.554185,173.194.163.76,10.10.0.10,,,443,40826,0,1358,17
1584694058.555727,10.10.0.10,173.194.163.76,,,40826,443,0,40,17
1584694058.560745,173.194.163.76,10.10.0.10,,,443,40826,0,1358,17
1584694058.562223,10.10.0.10,173.194.163.76,,,40826,443,0,40,17
1584694058.5672786,173.194.163.76,10.10.0.10,,,443,40826,0,1358,17
1584694058.5689518,10.10.0.10,173.194.163.76,,,40826,443,0,40,17
1584694058.573833,173.194.163.76,10.10.0.10,,,443,40826,0,1358,17
1584694058.5803769,173.194.163.76,10.10.0.10,,,443,40826,0,1358,17
1584694058.585346,10.10.0.10,173.194.163.76,,,40826,443,0,40,17
1584694058.586935,173.194.163.76,10.10.0.10,,,443,40826,0,1358,17
1584694058.593477,173.194.163.76,10.10.0.10,,,443,40826,0,1358,17
1584694058.597224,10.10.0.10,173.194.163.76,,,40826,443,0,40,17
1584694058.6000268,173.194.163.76,10.10.0.10,,,443,40826,0,1358,17
1584694058.606583,173.194.163.76,10.10.0.10,,,443,40826,0,1358,17
1584694058.608205,10.10.0.10,173.194.163.76,,,40826,443,0,40,17
1584694058.6131322,173.194.163.76,10.10.0.10,,,443,40826,0,1358,17
1584694058.6196828,173.194.163.76,10.10.0.10,,,443,40826,0,1358,17
1584694058.622471,10.10.0.10,173.194.163.76,,,40826,443,0,53,17
1584694058.6262481,173.194.163.76,10.10.0.10,,,443,40826,0,1358,17
1584694058.632787,173.194.163.76,10.10.0.10,,,443,40826,0,1358,17
1584694058.6348178,10.10.0.10,173.194.163.76,,,40826,443,0,40,17
1584694058.639338,173.194.163.76,10.10.0.10,,,443,40826,0,1358,17
1584694058.645892,173.194.163.76,10.10.0.10,,,443,40826,0,1358,17
1584694058.647594,10.10.0.10,173.194.163.76,,,40826,443,0,40,17
1584694058.6524382,173.194.163.76,10.10.0.10,,,443,40826,0,1358,17
1584694058.6590042,173.194.163.76,10.10.0.10,,,443,40826,0,1358,17
1584694058.6607196,10.10.0.10,173.194.163.76,,,40826,443,0,40,17
1584694058.6655376,173.194.163.76,10.10.0.10,,,443,40826,0,1358,17
1584694058.6720948,173.194.163.76,10.10.0.10,,,443,40826,0,1358,17
1584694058.6738439,10.10.0.10,173.194.163.76,,,40826,443,0,37,17
1584694058.678638,173.194.163.76,10.10.0.10,,,443,40826,0,1358,17
1584694058.685192,173.194.163.76,10.10.0.10,,,443,40826,0,1358,17
1584694058.687218,10.10.0.10,173.194.163.76,,,40826,443,0,37,17
1584694058.691746,173.194.163.76,10.10.0.10,,,443,40826,0,1358,17
1584694058.6983054,173.194.163.76,10.10.0.10,,,443,40826,0,1358,17
1584694058.700074,10.10.0.10,173.194.163.76,,,40826,443,0,37,17
1584694058.7048528,173.194.163.76,10.10.0.10,,,443,40826,0,1358,17
1584694058.711389,173.194.163.76,10.10.0.10,,,443,40826,0,1358,17
1584694058.712949,10.10.0.10,173.194.163.76,,,40826,443,0,37,17
1584694058.7179394,173.194.163.76,10.10.0.10,,,443,40826,0,1358,17
1584694058.719438,10.10.0.10,173.194.163.76,,,40826,443,0,40,17
1584694058.7244911,173.194.163.76,10.10.0.10,,,443,40826,0,1358,17
1584694058.726094,10.10.0.10,173.194.163.76,,,40826,443,0,40,17
1584694058.731055,173.194.163.76,10.10.0.10,,,443,40826,0,1358,17
1584694058.7324471,10.10.0.10,173.194.163.76,,,40826,443,0,40,17
1584694058.737604,173.194.163.76,10.10.0.10,,,443,40826,0,1358,17
1584694058.7394528,10.10.0.10,173.194.163.76,,,40826,443,0,40,17
1584694058.744931,173.194.163.76,10.10.0.10,,,443,40826,0,1358,17
1584694058.7514946,173.194.163.76,10.10.0.10,,,443,40826,0,1358,17
1584694058.752955,10.10.0.10,173.194.163.76,,,40826,443,0,40,17
1584694058.758032,173.194.163.76,10.10.0.10,,,443,40826,0,1358,17
1584694058.7645822,173.194.163.76,10.10.0.10,,,443,40826,0,1358,17
1584694058.7661958,10.10.0.10,173.194.163.76,,,40826,443,0,40,17
1584694058.7711332,173.194.163.76,10.10.0.10,,,443,40826,0,1358,17
1584694058.7776859,173.194.163.76,10.10.0.10,,,443,40826,0,1358,17
1584694058.7794435,10.10.0.10,173.194.163.76,,,40826,443,0,40,17
1584694058.7842338,173.194.163.76,10.10.0.10,,,443,40826,0,1358,17
1584694058.790786,173.194.163.76,10.10.0.10,,,443,40826,0,1358,17
1584694058.792469,10.10.0.10,173.194.163.76,,,40826,443,0,40,17
1584694058.7973359,173.194.163.76,10.10.0.10,,,443,40826,0,1358,17
1584694058.8038852,173.194.163.76,10.10.0.10,,,443,40826,0,1358,17
1584694058.805946,10.10.0.10,173.194.163.76,,,40826,443,0,40,17
1584694058.8104384,173.194.163.76,10.10.0.10,,,443,40826,0,1358,17
1584694058.8169901,173.194.163.76,10.10.0.10,,,443,40826,0,1358,17
1584694058.818592,10.10.0.10,173.194.163.76,,,40826,443,0,40,17
1584694058.8235528,173.194.163.76,10.10.0.10,,,443,40826,0,1358,17
1584694058.8300939,173.194.163.76,10.10.0.10,,,443,40826,0,1358,17
1584694058.831694,10.10.0.10,173.194.163.76,,,40826,443,0,40,17
1584694058.836638,173.194.163.76,10.10.0.10,,,443,40826,0,1358,17
1584694058.8431902,173.194.163.76,10.10.0.10,,,443,40826,0,1358,17
1584694058.8446946,10.10.0.10,173.194.163.76,,,40826,443,0,40,17
1584694058.849736,173.194.163.76,10.10.0.10,,,443,40826,0,1358,17
1584694058.856302,173.194.163.76,10.10.0.10,,,443,40826,0,1358,17
1584694058.8579652,10.10.0.10,173.194.163.76,,,40826,443,0,53,17
1584694058.86284,173.194.163.76,10.10.0.10,,,443,40826,0,1358,17
1584694058.8693955,173.194.163.76,10.10.0.10,,,443,40826,0,1358,17
1584694058.871193,10.10.0.10,173.194.163.76,,,40826,443,0,40,17
1584694058.8759398,173.194.163.76,10.10.0.10,,,443,40826,0,1358,17
1584694058.882494,173.194.163.76,10.10.0.10,,,443,40826,0,1358,17
1584694058.8843422,10.10.0.10,173.194.163.76,,,40826,443,0,40,17
1584694058.889039,173.194.163.76,10.10.0.10,,,443,40826,0,1358,17
1584694058.895616,173.194.163.76,10.10.0.10,,,443,40826,0,34,17
1584694058.895908,173.194.163.76,10.10.0.10,,,443,40826,0,1358,17
1584694058.897442,10.10.0.10,173.194.163.76,,,40826,443,0,37,17
1584694058.9024868,173.194.163.76,10.10.0.10,,,443,40826,0,1358,17
1584694058.9090204,173.194.163.76,10.10.0.10,,,443,40826,0,1358,17
1584694058.9106915,10.10.0.10,173.194.163.76,,,40826,443,0,37,17
1584694058.915567,173.194.163.76,10.10.0.10,,,443,40826,0,1358,17
1584694058.9221132,173.194.163.76,10.10.0.10,,,443,40826,0,1358,17
1584694058.9242132,10.10.0.10,173.194.163.76,,,40826,443,0,37,17
1584694058.928675,173.194.163.76,10.10.0.10,,,443,40826,0,1358,17
1584694058.9352355,173.194.163.76,10.10.0.10,,,443,40826,0,1358,17
1584694058.937076,10.10.0.10,173.194.163.76,,,40826,443,0,37,17
1584694058.9417698,173.194.163.76,10.10.0.10,,,443,40826,0,1358,17
1584694058.94832,173.194.163.76,10.10.0.10,,,443,40826,0,1358,17
1584694058.950192,10.10.0.10,173.194.163.76,,,40826,443,0,37,17
1584694058.9548712,173.194.163.76,10.10.0.10,,,443,40826,0,1358,17
1584694058.961425,173.194.163.76,10.10.0.10,,,443,40826,0,1358,17
1584694058.962942,10.10.0.10,173.194.163.76,,,40826,443,0,37,17
1584694058.9679878,173.194.163.76,10.10.0.10,,,443,40826,0,1358,17
1584694058.974522,173.194.163.76,10.10.0.10,,,443,40826,0,1358,17
1584694058.97846,10.10.0.10,173.194.163.76,,,40826,443,0,37,17
1584694058.9810698,173.194.163.76,10.10.0.10,,,443,40826,0,1358,17
1584694058.987623,173.194.163.76,10.10.0.10,,,443,40826,0,1358,17
1584694058.9901528,10.10.0.10,173.194.163.76,,,40826,443,0,37,17
1584694058.994174,173.194.163.76,10.10.0.10,,,443,40826,0,1358,17
1584694059.000741,173.194.163.76,10.10.0.10,,,443,40826,0,1358,17
1584694059.002438,10.10.0.10,173.194.163.76,,,40826,443,0,37,17
1584694059.0072749,173.194.163.76,10.10.0.10,,,443,40826,0,1358,17
1584694059.0138292,173.194.163.76,10.10.0.10,,,443,40826,0,1358,17
1584694059.0154312,10.10.0.10,173.194.163.76,,,40826,443,0,37,17
1584694059.020375,173.194.163.76,10.10.0.10,,,443,40826,0,1358,17
1584694059.026923,173.194.163.76,10.10.0.10,,,443,40826,0,1358,17
1584694059.0284538,10.10.0.10,173.194.163.76,,,40826,443,0,37,17
1584694059.033475,173.194.163.76,10.10.0.10,,,443,40826,0,1358,17
1584694059.0400221,173.194.163.76,10.10.0.10,,,443,40826,0,1358,17
1584694059.041684,10.10.0.10,173.194.163.76,,,40826,443,0,37,17
1584694059.046575,173.194.163.76,10.10.0.10,,,443,40826,0,1358,17
1584694059.053132,173.194.163.76,10.10.0.10,,,443,40826,0,1358,17
1584694059.055064,10.10.0.10,173.194.163.76,,,40826,443,0,37,17
1584694059.059674,173.194.163.76,10.10.0.10,,,443,40826,0,1358,17
1584694059.066227,173.194.163.76,10.10.0.10,,,443,40826,0,1358,17
1584694059.0676675,10.10.0.10,173.194.163.76,,,40826,443,0,37,17
1584694059.073559,173.194.163.76,10.10.0.10,,,443,40826,0,1358,17
1584694059.080112,173.194.163.76,10.10.0.10,,,443,40826,0,1358,17
1584694059.0829446,10.10.0.10,173.194.163.76,,,40826,443,0,37,17
1584694059.0866618,173.194.163.76,10.10.0.10,,,443,40826,0,1358,17
1584694059.0932355,173.194.163.76,10.10.0.10,,,443,40826,0,1358,17
1584694059.099768,173.194.163.76,10.10.0.10,,,443,40826,0,1358,17
1584694059.10632,173.194.163.76,10.10.0.10,,,443,40826,0,1358,17
1584694059.11287,173.194.163.76,10.10.0.10,,,443,40826,0,1358,17
1584694059.119421,173.194.163.76,10.10.0.10,,,443,40826,0,1358,17
1584694059.125983,173.194.163.76,10.10.0.10,,,443,40826,0,1358,17
1584694059.126834,10.10.0.10,173.194.163.76,,,40826,443,0,37,17
1584694059.128835,10.10.0.10,173.194.163.76,,,40826,443,0,37,17
1584694059.129067,10.10.0.10,173.194.163.76,,,40826,443,0,50,17
1584694059.132529,173.194.163.76,10.10.0.10,,,443,40826,0,1358,17
1584694059.1341536,10.10.0.10,173.194.163.76,,,40826,443,0,37,17
1584694059.139068,173.194.163.76,10.10.0.10,,,443,40826,0,1358,17
1584694059.145619,173.194.163.76,10.10.0.10,,,443,40826,0,1358,17
1584694059.147418,10.10.0.10,173.194.163.76,,,40826,443,0,37,17
1584694059.152169,173.194.163.76,10.10.0.10,,,443,40826,0,29,17
1584694059.1524599,173.194.163.76,10.10.0.10,,,443,40826,0,1358,17
1584694059.1590269,173.194.163.76,10.10.0.10,,,443,40826,0,1358,17
1584694059.1609359,10.10.0.10,173.194.163.76,,,40826,443,0,37,17
1584694059.165566,173.194.163.76,10.10.0.10,,,443,40826,0,1358,17
1584694059.1721158,173.194.163.76,10.10.0.10,,,443,40826,0,1358,17
1584694059.174162,10.10.0.10,173.194.163.76,,,40826,443,0,37,17
1584694059.1786685,173.194.163.76,10.10.0.10,,,443,40826,0,1358,17
1584694059.185217,173.194.163.76,10.10.0.10,,,443,40826,0,1358,17
1584694059.1869571,10.10.0.10,173.194.163.76,,,40826,443,0,37,17
1584694059.1917722,173.194.163.76,10.10.0.10,,,443,40826,0,1358,17
1584694059.198319,173.194.163.76,10.10.0.10,,,443,40826,0,1358,17
1584694059.200058,10.10.0.10,173.194.163.76,,,40826,443,0,37,17
1584694059.2048712,173.194.163.76,10.10.0.10,,,443,40826,0,1358,17
1584694059.2114198,173.194.163.76,10.10.0.10,,,443,40826,0,1358,17
1584694059.213086,10.10.0.10,173.194.163.76,,,40826,443,0,37,17
1584694059.2179706,173.194.163.76,10.10.0.10,,,443,40826,0,1358,17
1584694059.2245224,173.194.163.76,10.10.0.10,,,443,40826,0,1358,17
1584694059.2260602,10.10.0.10,173.194.163.76,,,40826,443,0,37,17
1584694059.2310786,173.194.163.76,10.10.0.10,,,443,40826,0,1358,17
1584694059.2376268,173.194.163.76,10.10.0.10,,,443,40826,0,1358,17
1584694059.239183,10.10.0.10,173.194.163.76,,,40826,443,0,37,17
1584694059.244173,173.194.163.76,10.10.0.10,,,443,40826,0,1358,17
1584694059.2455778,10.10.0.10,173.194.163.76,,,40826,443,0,40,17
1584694059.25073,173.194.163.76,10.10.0.10,,,443,40826,0,1358,17
1584694059.2524538,10.10.0.10,173.194.163.76,,,40826,443,0,37,17
1584694059.2572925,173.194.163.76,10.10.0.10,,,443,40826,0,1358,17
1584694059.263852,173.194.163.76,10.10.0.10,,,443,40826,0,1358,17
1584694059.2655802,10.10.0.10,173.194.163.76,,,40826,443,0,37,17
1584694059.2703822,173.194.163.76,10.10.0.10,,,443,40826,0,1358,17
1584694059.2769318,173.194.163.76,10.10.0.10,,,443,40826,0,1358,17
1584694059.278579,10.10.0.10,173.194.163.76,,,40826,443,0,37,17
1584694059.2834818,173.194.163.76,10.10.0.10,,,443,40826,0,1358,17
1584694059.290042,173.194.163.76,10.10.0.10,,,443,40826,0,1358,17
1584694059.29168,10.10.0.10,173.194.163.76,,,40826,443,0,37,17
1584694059.296602,173.194.163.76,10.10.0.10,,,443,40826,0,1358,17
1584694059.303133,173.194.163.76,10.10.0.10,,,443,40826,0,1358,17
1584694059.305201,10.10.0.10,173.194.163.76,,,40826,443,0,37,17
1584694059.3096852,173.194.163.76,10.10.0.10,,,443,40826,0,1358,17
1584694059.3162339,173.194.163.76,10.10.0.10,,,443,40826,0,1358,17
1584694059.318065,10.10.0.10,173.194.163.76,,,40826,443,0,37,17
1584694059.3227901,173.194.163.76,10.10.0.10,,,443,40826,0,1358,17
1584694059.32935,173.194.163.76,10.10.0.10,,,443,40826,0,1358,17
1584694059.3310552,10.10.0.10,173.194.163.76,,,40826,443,0,37,17
1584694059.3358881,173.194.163.76,10.10.0.10,,,443,40826,0,1358,17
1584694059.3424358,173.194.163.76,10.10.0.10,,,443,40826,0,1358,17
1584694059.344049,10.10.0.10,173.194.163.76,,,40826,443,0,37,17
1584694059.3489866,173.194.163.76,10.10.0.10,,,443,40826,0,1358,17
1584694059.3555398,173.194.163.76,10.10.0.10,,,443,40826,0,1358,17
1584694059.357423,10.10.0.10,173.194.163.76,,,40826,443,0,37,17
1584694059.3620858,173.194.163.76,10.10.0.10,,,443,40826,0,1358,17
1584694059.36864,173.194.163.76,10.10.0.10,,,443,40826,0,1358,17
1584694059.375187,173.194.163.76,10.10.0.10,,,443,40826,0,1358,17
1584694059.3761802,10.10.0.10,173.194.163.76,,,40826,443,0,50,17
1584694059.381737,173.194.163.76,10.10.0.10,,,443,40826,0,1358,17
1584694059.383431,10.10.0.10,173.194.163.76,,,40826,443,0,37,17
1584694059.3882859,173.194.163.76,10.10.0.10,,,443,40826,0,1358,17
1584694059.394852,173.194.163.76,10.10.0.10,,,443,40826,0,1358,17
1584694059.3963149,10.10.0.10,173.194.163.76,,,40826,443,0,37,17
1584694059.401392,173.194.163.76,10.10.0.10,,,443,40826,0,1358,17
1584694059.407942,173.194.163.76,10.10.0.10,,,443,40826,0,1358,17
1584694059.409427,10.10.0.10,173.194.163.76,,,40826,443,0,37,17
1584694059.414494,173.194.163.76,10.10.0.10,,,443,40826,0,1358,17
1584694059.4210525,173.194.163.76,10.10.0.10,,,443,40826,0,1358,17
1584694059.4233305,10.10.0.10,173.194.163.76,,,40826,443,0,37,17
1584694059.4276,173.194.163.76,10.10.0.10,,,443,40826,0,1358,17
1584694059.4341402,173.194.163.76,10.10.0.10,,,443,40826,0,1358,17
1584694059.435703,10.10.0.10,173.194.163.76,,,40826,443,0,37,17
1584694059.4407,173.194.163.76,10.10.0.10,,,443,40826,0,1358,17
1584694059.447243,173.194.163.76,10.10.0.10,,,443,40826,0,1358,17
1584694059.448926,10.10.0.10,173.194.163.76,,,40826,443,0,37,17
1584694059.453797,173.194.163.76,10.10.0.10,,,443,40826,0,1358,17
1584694059.4603431,173.194.163.76,10.10.0.10,,,443,40826,0,1358,17
1584694059.462177,10.10.0.10,173.194.163.76,,,40826,443,0,37,17
1584694059.46691,173.194.163.76,10.10.0.10,,,443,40826,0,1358,17
1584694059.4734714,173.194.163.76,10.10.0.10,,,443,40826,0,1358,17
1584694059.4751759,10.10.0.10,173.194.163.76,,,40826,443,0,37,17
1584694059.480002,173.194.163.76,10.10.0.10,,,443,40826,0,1358,17
1584694059.486551,173.194.163.76,10.10.0.10,,,443,40826,0,1358,17
1584694059.488303,10.10.0.10,173.194.163.76,,,40826,443,0,37,17
1584694059.493103,173.194.163.76,10.10.0.10,,,443,40826,0,1358,17
1584694059.4996588,173.194.163.76,10.10.0.10,,,443,40826,0,1358,17
1584694059.5020509,10.10.0.10,173.194.163.76,,,40826,443,0,37,17
1584694059.506221,173.194.163.76,10.10.0.10,,,443,40826,0,1358,17
1584694059.5127509,173.194.163.76,10.10.0.10,,,443,40826,0,1358,17
1584694059.5144482,10.10.0.10,173.194.163.76,,,40826,443,0,37,17
1584694059.5193028,173.194.163.76,10.10.0.10,,,443,40826,0,1358,17
1584694059.5258536,173.194.163.76,10.10.0.10,,,443,40826,0,1358,17
1584694059.527925,10.10.0.10,173.194.163.76,,,40826,443,0,37,17
1584694059.532402,173.194.163.76,10.10.0.10,,,443,40826,0,1358,17
1584694059.538969,173.194.163.76,10.10.0.10,,,443,40826,0,1358,17
1584694059.5406759,10.10.0.10,173.194.163.76,,,40826,443,0,37,17
1584694059.5455039,173.194.163.76,10.10.0.10,,,443,40826,0,1358,17
1584694059.5520508,173.194.163.76,10.10.0.10,,,443,40826,0,1358,17
1584694059.553676,10.10.0.10,173.194.163.76,,,40826,443,0,37,17
1584694059.558607,173.194.163.76,10.10.0.10,,,443,40826,0,1358,17
1584694059.56516,173.194.163.76,10.10.0.10,,,443,40826,0,1358,17
1584694059.566944,10.10.0.10,173.194.163.76,,,40826,443,0,37,17
1584694059.571703,173.194.163.76,10.10.0.10,,,443,40826,0,1358,17
1584694059.578258,173.194.163.76,10.10.0.10,,,443,40826,0,1358,17
1584694059.5799308,10.10.0.10,173.194.163.76,,,40826,443,0,37,17
1584694059.584809,173.194.163.76,10.10.0.10,,,443,40826,0,1358,17
1584694059.5913582,173.194.163.76,10.10.0.10,,,443,40826,0,1358,17
1584694059.593068,10.10.0.10,173.194.163.76,,,40826,443,0,37,17
1584694059.5979116,173.194.163.76,10.10.0.10,,,443,40826,0,1358,17
1584694059.6044588,173.194.163.76,10.10.0.10,,,443,40826,0,1358,17
1584694059.6073172,10.10.0.10,173.194.163.76,,,40826,443,0,37,17
1584694059.6110115,173.194.163.76,10.10.0.10,,,443,40826,0,1358,17
1584694059.6175628,173.194.163.76,10.10.0.10,,,443,40826,0,1358,17
1584694059.61932,10.10.0.10,173.194.163.76,,,40826,443,0,37,17
1584694059.6241071,173.194.163.76,10.10.0.10,,,443,40826,0,1358,17
1584694059.625672,10.10.0.10,173.194.163.76,,,40826,443,0,53,17
1584694059.630658,173.194.163.76,10.10.0.10,,,443,40826,0,1358,17
1584694059.632195,10.10.0.10,173.194.163.76,,,40826,443,0,37,17
1584694059.63722,173.194.163.76,10.10.0.10,,,443,40826,0,1358,17
1584694059.6437798,173.194.163.76,10.10.0.10,,,443,40826,0,1358,17
1584694059.645442,10.10.0.10,173.194.163.76,,,40826,443,0,37,17
1584694059.6503172,173.194.163.76,10.10.0.10,,,443,40826,0,1358,17
1584694059.6568642,173.194.163.76,10.10.0.10,,,443,40826,0,1358,17
1584694059.658691,10.10.0.10,173.194.163.76,,,40826,443,0,37,17
1584694059.6634169,173.194.163.76,10.10.0.10,,,443,40826,0,29,17
1584694059.6637044,173.194.163.76,10.10.0.10,,,443,40826,0,1358,17
1584694059.67028,173.194.163.76,10.10.0.10,,,443,40826,0,1358,17
1584694059.67191,10.10.0.10,173.194.163.76,,,40826,443,0,37,17
1584694059.676814,173.194.163.76,10.10.0.10,,,443,40826,0,1358,17
1584694059.6833632,173.194.163.76,10.10.0.10,,,443,40826,0,1358,17
1584694059.684922,10.10.0.10,173.194.163.76,,,40826,443,0,37,17
1584694059.6899161,173.194.163.76,10.10.0.10,,,443,40826,0,1358,17
1584694059.6964688,173.194.163.76,10.10.0.10,,,443,40826,0,1358,17
1584694059.698421,10.10.0.10,173.194.163.76,,,40826,443,0,37,17
1584694059.7030294,173.194.163.76,10.10.0.10,,,443,40826,0,1358,17
1584694059.7095652,173.194.163.76,10.10.0.10,,,443,40826,0,1358,17
1584694059.711172,10.10.0.10,173.194.163.76,,,40826,443,0,37,17
1584694059.716119,173.194.163.76,10.10.0.10,,,443,40826,0,1358,17
1584694059.7226682,173.194.163.76,10.10.0.10,,,443,40826,0,1358,17
1584694059.7243068,10.10.0.10,173.194.163.76,,,40826,443,0,37,17
1584694059.72922,173.194.163.76,10.10.0.10,,,443,40826,0,1358,17
1584694059.7357779,173.194.163.76,10.10.0.10,,,443,40826,0,1358,17
1584694059.737442,10.10.0.10,173.194.163.76,,,40826,443,0,37,17
1584694059.7423189,173.194.163.76,10.10.0.10,,,443,40826,0,1358,17
1584694059.74887,173.194.163.76,10.10.0.10,,,443,40826,0,1358,17
1584694059.75069,10.10.0.10,173.194.163.76,,,40826,443,0,37,17
1584694059.7554214,173.194.163.76,10.10.0.10,,,443,40826,0,1358,17
1584694059.7619698,173.194.163.76,10.10.0.10,,,443,40826,0,1358,17
1584694059.7636678,10.10.0.10,173.194.163.76,,,40826,443,0,37,17
1584694059.768527,173.194.163.76,10.10.0.10,,,443,40826,0,1358,17
1584694059.775074,173.194.163.76,10.10.0.10,,,443,40826,0,1358,17
1584694059.7766595,10.10.0.10,173.194.163.76,,,40826,443,0,37,17
1584694059.781624,173.194.163.76,10.10.0.10,,,443,40826,0,1358,17
1584694059.788175,173.194.163.76,10.10.0.10,,,443,40826,0,1358,17
1584694059.791063,10.10.0.10,173.194.163.76,,,40826,443,0,37,17
1584694059.794726,173.194.163.76,10.10.0.10,,,443,40826,0,1358,17
1584694059.8012762,173.194.163.76,10.10.0.10,,,443,40826,0,1358,17
1584694059.802937,10.10.0.10,173.194.163.76,,,40826,443,0,37,17
1584694059.80784,173.194.163.76,10.10.0.10,,,443,40826,0,1358,17
1584694059.814378,173.194.163.76,10.10.0.10,,,443,40826,0,1358,17
1584694059.815917,10.10.0.10,173.194.163.76,,,40826,443,0,37,17
1584694059.8209276,173.194.163.76,10.10.0.10,,,443,40826,0,1358,17
1584694059.8274775,173.194.163.76,10.10.0.10,,,443,40826,0,1358,17
1584694059.8291671,10.10.0.10,173.194.163.76,,,40826,443,0,37,17
1584694059.834025,173.194.163.76,10.10.0.10,,,443,40826,0,1358,17
1584694059.840591,173.194.163.76,10.10.0.10,,,443,40826,0,1358,17
1584694059.84229,10.10.0.10,173.194.163.76,,,40826,443,0,37,17
1584694059.8471286,173.194.163.76,10.10.0.10,,,443,40826,0,1358,17
1584694059.853676,173.194.163.76,10.10.0.10,,,443,40826,0,1358,17
1584694059.8560538,10.10.0.10,173.194.163.76,,,40826,443,0,37,17
1584694059.860225,173.194.163.76,10.10.0.10,,,443,40826,0,1358,17
1584694059.866786,173.194.163.76,10.10.0.10,,,443,40826,0,1358,17
1584694059.86856,10.10.0.10,173.194.163.76,,,40826,443,0,37,17
1584694059.873337,173.194.163.76,10.10.0.10,,,443,40826,0,1358,17
1584694059.8798964,173.194.163.76,10.10.0.10,,,443,40826,0,1358,17
1584694059.881937,10.10.0.10,173.194.163.76,,,40826,443,0,50,17
1584694059.8864331,173.194.163.76,10.10.0.10,,,443,40826,0,1358,17
1584694059.892984,173.194.163.76,10.10.0.10,,,443,40826,0,1358,17
1584694059.89467,10.10.0.10,173.194.163.76,,,40826,443,0,37,17
1584694059.8995378,173.194.163.76,10.10.0.10,,,443,40826,0,1358,17
1584694059.906087,173.194.163.76,10.10.0.10,,,443,40826,0,1358,17
1584694059.907811,10.10.0.10,173.194.163.76,,,40826,443,0,37,17
1584694059.912649,173.194.163.76,10.10.0.10,,,443,40826,0,1358,17
1584694059.919184,173.194.163.76,10.10.0.10,,,443,40826,0,1358,17
1584694059.920933,10.10.0.10,173.194.163.76,,,40826,443,0,37,17
1584694059.925735,173.194.163.76,10.10.0.10,,,443,40826,0,1358,17
1584694059.932283,173.194.163.76,10.10.0.10,,,443,40826,0,1358,17
1584694059.934169,10.10.0.10,173.194.163.76,,,40826,443,0,37,17
1584694059.9388359,173.194.163.76,10.10.0.10,,,443,40826,0,1358,17
1584694059.945395,173.194.163.76,10.10.0.10,,,443,40826,0,1358,17
1584694059.947162,10.10.0.10,173.194.163.76,,,40826,443,0,37,17
1584694059.9519398,173.194.163.76,10.10.0.10,,,443,40826,0,1358,17
1584694059.958488,173.194.163.76,10.10.0.10,,,443,40826,0,1358,17
1584694059.960186,10.10.0.10,173.194.163.76,,,40826,443,0,37,17
1584694059.9650419,173.194.163.76,10.10.0.10,,,443,40826,0,1358,17
1584694059.971591,173.194.163.76,10.10.0.10,,,443,40826,0,1358,17
1584694059.9732852,10.10.0.10,173.194.163.76,,,40826,443,0,37,17
1584694059.978145,173.194.163.76,10.10.0.10,,,443,40826,0,1358,17
1584694059.9847069,173.194.163.76,10.10.0.10,,,443,40826,0,1358,17
1584694059.986432,10.10.0.10,173.194.163.76,,,40826,443,0,37,17
1584694059.991241,173.194.163.76,10.10.0.10,,,443,40826,0,1358,17
1584694059.9977891,173.194.163.76,10.10.0.10,,,443,40826,0,1358,17
1584694059.999407,10.10.0.10,173.194.163.76,,,40826,443,0,37,17
1584694060.004338,173.194.163.76,10.10.0.10,,,443,40826,0,1358,17
1584694060.01089,173.194.163.76,10.10.0.10,,,443,40826,0,1358,17
1584694060.014022,10.10.0.10,173.194.163.76,,,40826,443,0,37,17
1584694060.0177462,173.194.163.76,10.10.0.10,,,443,40826,0,1358,17
1584694060.024316,173.194.163.76,10.10.0.10,,,443,40826,0,1358,17
1584694060.0265124,10.10.0.10,173.194.163.76,,,40826,443,0,37,17
1584694060.030854,173.194.163.76,10.10.0.10,,,443,40826,0,1358,17
1584694060.0374026,173.194.163.76,10.10.0.10,,,443,40826,0,1358,17
1584694060.0390186,10.10.0.10,173.194.163.76,,,40826,443,0,37,17
1584694060.04395,173.194.163.76,10.10.0.10,,,443,40826,0,1358,17
1584694060.050502,173.194.163.76,10.10.0.10,,,443,40826,0,1358,17
1584694060.0522852,10.10.0.10,173.194.163.76,,,40826,443,0,37,17
1584694060.0570786,173.194.163.76,10.10.0.10,,,443,40826,0,1358,17
1584694060.063605,173.194.163.76,10.10.0.10,,,443,40826,0,1358,17
1584694060.065177,10.10.0.10,173.194.163.76,,,40826,443,0,37,17
1584694060.070156,173.194.163.76,10.10.0.10,,,443,40826,0,1358,17
1584694060.0767071,173.194.163.76,10.10.0.10,,,443,40826,0,1358,17
1584694060.078135,10.10.0.10,173.194.163.76,,,40826,443,0,37,17
1584694060.083268,173.194.163.76,10.10.0.10,,,443,40826,0,1358,17
1584694060.0898292,173.194.163.76,10.10.0.10,,,443,40826,0,1358,17
1584694060.096358,173.194.163.76,10.10.0.10,,,443,40826,0,1358,17
1584694060.099027,10.10.0.10,173.194.163.76,,,40826,443,0,37,17
1584694060.102911,173.194.163.76,10.10.0.10,,,443,40826,0,1358,17
1584694060.104783,10.10.0.10,173.194.163.76,,,40826,443,0,37,17
1584694060.109462,173.194.163.76,10.10.0.10,,,443,40826,0,1358,17
1584694060.116009,173.194.163.76,10.10.0.10,,,443,40826,0,1358,17
1584694060.119552,10.10.0.10,173.194.163.76,,,40826,443,0,37,17
1584694060.122566,173.194.163.76,10.10.0.10,,,443,40826,0,1358,17
1584694060.1291132,173.194.163.76,10.10.0.10,,,443,40826,0,1358,17
1584694060.1306348,10.10.0.10,173.194.163.76,,,40826,443,0,37,17
1584694060.1356616,173.194.163.76,10.10.0.10,,,443,40826,0,1358,17
1584694060.142211,173.194.163.76,10.10.0.10,,,443,40826,0,1358,17
1584694060.14416,10.10.0.10,173.194.163.76,,,40826,443,0,50,17
1584694060.1487598,173.194.163.76,10.10.0.10,,,443,40826,0,1358,17
1584694060.155329,173.194.163.76,10.10.0.10,,,443,40826,0,1358,17
1584694060.157037,10.10.0.10,173.194.163.76,,,40826,443,0,37,17
1584694060.1618614,173.194.163.76,10.10.0.10,,,443,40826,0,1358,17
1584694060.168414,173.194.163.76,10.10.0.10,,,443,40826,0,1358,17
1584694060.170033,10.10.0.10,173.194.163.76,,,40826,443,0,37,17
1584694060.174963,173.194.163.76,10.10.0.10,,,443,40826,0,1358,17
1584694060.18152,173.194.163.76,10.10.0.10,,,443,40826,0,29,17
1584694060.181807,173.194.163.76,10.10.0.10,,,443,40826,0,1358,17
1584694060.18328,10.10.0.10,173.194.163.76,,,40826,443,0,37,17
1584694060.188361,173.194.163.76,10.10.0.10,,,443,40826,0,1358,17
1584694060.194914,173.194.163.76,10.10.0.10,,,443,40826,0,1358,17
1584694060.196512,10.10.0.10,173.194.163.76,,,40826,443,0,37,17
1584694060.2014608,173.194.163.76,10.10.0.10,,,443,40826,0,1358,17
1584694060.208022,173.194.163.76,10.10.0.10,,,443,40826,0,1358,17
1584694060.209655,10.10.0.10,173.194.163.76,,,40826,443,0,37,17
1584694060.2145634,173.194.163.76,10.10.0.10,,,443,40826,0,1358,17
1584694060.221124,173.194.163.76,10.10.0.10,,,443,40826,0,1358,17
1584694060.2230115,10.10.0.10,173.194.163.76,,,40826,443,0,37,17
1584694060.227672,173.194.163.76,10.10.0.10,,,443,40826,0,1358,17
1584694060.2342205,173.194.163.76,10.10.0.10,,,443,40826,0,1358,17
1584694060.235673,10.10.0.10,173.194.163.76,,,40826,443,0,37,17
1584694060.2407699,173.194.163.76,10.10.0.10,,,443,40826,0,1358,17
1584694060.2473269,173.194.163.76,10.10.0.10,,,443,40826,0,1358,17
1584694060.248933,10.10.0.10,173.194.163.76,,,40826,443,0,37,17
1584694060.2538881,173.194.163.76,10.10.0.10,,,443,40826,0,1358,17
1584694060.260434,173.194.163.76,10.10.0.10,,,443,40826,0,1358,17
1584694060.2620294,10.10.0.10,173.194.163.76,,,40826,443,0,37,17
1584694060.2669759,173.194.163.76,10.10.0.10,,,443,40826,0,1358,17
1584694060.2735262,173.194.163.76,10.10.0.10,,,443,40826,0,1358,17
1584694060.2750278,10.10.0.10,173.194.163.76,,,40826,443,0,37,17
1584694060.2800748,173.194.163.76,10.10.0.10,,,443,40826,0,1358,17
1584694060.2866359,173.194.163.76,10.10.0.10,,,443,40826,0,1358,17
1584694060.288175,10.10.0.10,173.194.163.76,,,40826,443,0,37,17
1584694060.293198,173.194.163.76,10.10.0.10,,,443,40826,0,1358,17
1584694060.299727,173.194.163.76,10.10.0.10,,,443,40826,0,1358,17
1584694060.301153,10.10.0.10,173.194.163.76,,,40826,443,0,37,17
1584694060.306277,173.194.163.76,10.10.0.10,,,443,40826,0,1358,17
1584694060.312829,173.194.163.76,10.10.0.10,,,443,40826,0,1358,17
1584694060.314559,10.10.0.10,173.194.163.76,,,40826,443,0,37,17
1584694060.319387,173.194.163.76,10.10.0.10,,,443,40826,0,1358,17
1584694060.325924,173.194.163.76,10.10.0.10,,,443,40826,0,1358,17
1584694060.3275485,10.10.0.10,173.194.163.76,,,40826,443,0,37,17
1584694060.3324802,173.194.163.76,10.10.0.10,,,443,40826,0,1358,17
1584694060.33903,173.194.163.76,10.10.0.10,,,443,40826,0,1358,17
1584694060.3411539,10.10.0.10,173.194.163.76,,,40826,443,0,37,17
1584694060.34558,173.194.163.76,10.10.0.10,,,443,40826,0,1358,17
1584694060.352135,173.194.163.76,10.10.0.10,,,443,40826,0,1358,17
1584694060.3540268,10.10.0.10,173.194.163.76,,,40826,443,0,37,17
1584694060.3586972,173.194.163.76,10.10.0.10,,,443,40826,0,1358,17
1584694060.365231,173.194.163.76,10.10.0.10,,,443,40826,0,1358,17
1584694060.367175,10.10.0.10,173.194.163.76,,,40826,443,0,37,17
1584694060.371785,173.194.163.76,10.10.0.10,,,443,40826,0,1358,17
1584694060.3783276,173.194.163.76,10.10.0.10,,,443,40826,0,1358,17
1584694060.3848839,173.194.163.76,10.10.0.10,,,443,40826,0,1358,17
1584694060.391449,173.194.163.76,10.10.0.10,,,443,40826,0,1358,17
1584694060.3979876,173.194.163.76,10.10.0.10,,,443,40826,0,1358,17
1584694060.404537,173.194.163.76,10.10.0.10,,,443,40826,0,1358,17
1584694060.406153,10.10.0.10,173.194.163.76,,,40826,443,0,37,17
1584694060.40817,10.10.0.10,173.194.163.76,,,40826,443,0,37,17
1584694060.4081955,10.10.0.10,173.194.163.76,,,40826,443,0,50,17
1584694060.411081,173.194.163.76,10.10.0.10,,,443,40826,0,1358,17
1584694060.4176311,173.194.163.76,10.10.0.10,,,443,40826,0,1358,17
1584694060.41915,10.10.0.10,173.194.163.76,,,40826,443,0,37,17
1584694060.4241881,173.194.163.76,10.10.0.10,,,443,40826,0,1358,17
1584694060.4307342,173.194.163.76,10.10.0.10,,,443,40826,0,29,17
1584694060.431025,173.194.163.76,10.10.0.10,,,443,40826,0,1358,17
1584694060.432294,10.10.0.10,173.194.163.76,,,40826,443,0,37,17
1584694060.4375849,173.194.163.76,10.10.0.10,,,443,40826,0,1358,17
1584694060.4441311,173.194.163.76,10.10.0.10,,,443,40826,0,1358,17
1584694060.4456508,10.10.0.10,173.194.163.76,,,40826,443,0,37,17
1584694060.450696,173.194.163.76,10.10.0.10,,,443,40826,0,1358,17
1584694060.457242,173.194.163.76,10.10.0.10,,,443,40826,0,1358,17
1584694060.458919,10.10.0.10,173.194.163.76,,,40826,443,0,37,17
1584694060.4637892,173.194.163.76,10.10.0.10,,,443,40826,0,1358,17
1584694060.470338,173.194.163.76,10.10.0.10,,,443,40826,0,1358,17
1584694060.4719179,10.10.0.10,173.194.163.76,,,40826,443,0,37,17
1584694060.4768894,173.194.163.76,10.10.0.10,,,443,40826,0,1358,17
1584694060.483447,173.194.163.76,10.10.0.10,,,443,40826,0,1358,17
1584694060.485023,10.10.0.10,173.194.163.76,,,40826,443,0,37,17
1584694060.490007,173.194.163.76,10.10.0.10,,,443,40826,0,1358,17
1584694060.496542,173.194.163.76,10.10.0.10,,,443,40826,0,1358,17
1584694060.4983912,10.10.0.10,173.194.163.76,,,40826,443,0,37,17
1584694060.503093,173.194.163.76,10.10.0.10,,,443,40826,0,1358,17
1584694060.509641,173.194.163.76,10.10.0.10,,,443,40826,0,1358,17
1584694060.5113964,10.10.0.10,173.194.163.76,,,40826,443,0,37,17
1584694060.516187,173.194.163.76,10.10.0.10,,,443,40826,0,1358,17
1584694060.522754,173.194.163.76,10.10.0.10,,,443,40826,0,1358,17
1584694060.524417,10.10.0.10,173.194.163.76,,,40826,443,0,37,17
1584694060.529316,173.194.163.76,10.10.0.10,,,443,40826,0,1358,17
1584694060.5358438,173.194.163.76,10.10.0.10,,,443,40826,0,1358,17
1584694060.537513,10.10.0.10,173.194.163.76,,,40826,443,0,37,17
1584694060.542396,173.194.163.76,10.10.0.10,,,443,40826,0,1358,17
1584694060.5489502,173.194.163.76,10.10.0.10,,,443,40826,0,1358,17
1584694060.5506392,10.10.0.10,173.194.163.76,,,40826,443,0,37,17
1584694060.5555036,173.194.163.76,10.10.0.10,,,443,40826,0,1358,17
1584694060.5620658,173.194.163.76,10.10.0.10,,,443,40826,0,1358,17
1584694060.563792,10.10.0.10,173.194.163.76,,,40826,443,0,37,17
1584694060.5685961,173.194.163.76,10.10.0.10,,,443,40826,0,1358,17
1584694060.5751472,173.194.163.76,10.10.0.10,,,443,40826,0,1358,17
1584694060.577166,10.10.0.10,173.194.163.76,,,40826,443,0,37,17
1584694060.5816991,173.194.163.76,10.10.0.10,,,443,40826,0,1358,17
1584694060.588253,173.194.163.76,10.10.0.10,,,443,40826,0,1358,17
1584694060.5910401,10.10.0.10,173.194.163.76,,,40826,443,0,37,17
1584694060.594814,173.194.163.76,10.10.0.10,,,443,40826,0,1358,17
1584694060.601352,173.194.163.76,10.10.0.10,,,443,40826,0,1358,17
1584694060.603153,10.10.0.10,173.194.163.76,,,40826,443,0,37,17
1584694060.607899,173.194.163.76,10.10.0.10,,,443,40826,0,1358,17
1584694060.614942,173.194.163.76,10.10.0.10,,,443,40826,0,1358,17
1584694060.6166651,10.10.0.10,173.194.163.76,,,40826,443,0,37,17
1584694060.621488,173.194.163.76,10.10.0.10,,,443,40826,0,1358,17
1584694060.628032,173.194.163.76,10.10.0.10,,,443,40826,0,1358,17
1584694060.6324108,10.10.0.10,173.194.163.76,,,40826,443,0,37,17
1584694060.6345882,173.194.163.76,10.10.0.10,,,443,40826,0,1358,17
1584694060.6411395,173.194.163.76,10.10.0.10,,,443,40826,0,1358,17
1584694060.6426668,10.10.0.10,173.194.163.76,,,40826,443,0,37,17
1584694060.6476922,173.194.163.76,10.10.0.10,,,443,40826,0,1358,17
1584694060.654253,173.194.163.76,10.10.0.10,,,443,40826,0,1358,17
1584694060.6559162,10.10.0.10,173.194.163.76,,,40826,443,0,37,17
1584694060.660814,173.194.163.76,10.10.0.10,,,443,40826,0,1358,17
1584694060.6673412,173.194.163.76,10.10.0.10,,,443,40826,0,1358,17
1584694060.669041,10.10.0.10,173.194.163.76,,,40826,443,0,50,17
1584694060.6738918,173.194.163.76,10.10.0.10,,,443,40826,0,1358,17
1584694060.680447,173.194.163.76,10.10.0.10,,,443,40826,0,1358,17
1584694060.6821618,10.10.0.10,173.194.163.76,,,40826,443,0,37,17
1584694060.687002,173.194.163.76,10.10.0.10,,,443,40826,0,1358,17
1584694060.6935642,173.194.163.76,10.10.0.10,,,443,40826,0,29,17
1584694060.693857,173.194.163.76,10.10.0.10,,,443,40826,0,1358,17
1584694060.6956642,10.10.0.10,173.194.163.76,,,40826,443,0,37,17
1584694060.700392,173.194.163.76,10.10.0.10,,,443,40826,0,1358,17
1584694060.706942,173.194.163.76,10.10.0.10,,,443,40826,0,1358,17
1584694060.708632,10.10.0.10,173.194.163.76,,,40826,443,0,37,17
1584694060.7135012,173.194.163.76,10.10.0.10,,,443,40826,0,1358,17
1584694060.720063,173.194.163.76,10.10.0.10,,,443,40826,0,1358,17
1584694060.721641,10.10.0.10,173.194.163.76,,,40826,443,0,37,17
1584694060.726595,173.194.163.76,10.10.0.10,,,443,40826,0,1358,17
1584694060.7331429,173.194.163.76,10.10.0.10,,,443,40826,0,1358,17
1584694060.7349124,10.10.0.10,173.194.163.76,,,40826,443,0,37,17
1584694060.7396932,173.194.163.76,10.10.0.10,,,443,40826,0,1358,17
1584694060.7462509,173.194.163.76,10.10.0.10,,,443,40826,0,1358,17
1584694060.7483912,10.10.0.10,173.194.163.76,,,40826,443,0,37,17
1584694060.752816,173.194.163.76,10.10.0.10,,,443,40826,0,1358,17
1584694060.7593439,173.194.163.76,10.10.0.10,,,443,40826,0,1358,17
1584694060.76089,10.10.0.10,173.194.163.76,,,40826,443,0,37,17
1584694060.765898,173.194.163.76,10.10.0.10,,,443,40826,0,1358,17
1584694060.772447,173.194.163.76,10.10.0.10,,,443,40826,0,1358,17
1584694060.775017,10.10.0.10,173.194.163.76,,,40826,443,0,37,17
1584694060.7789981,173.194.163.76,10.10.0.10,,,443,40826,0,1358,17
1584694060.785559,173.194.163.76,10.10.0.10,,,443,40826,0,1358,17
1584694060.787412,10.10.0.10,173.194.163.76,,,40826,443,0,37,17
1584694060.792099,173.194.163.76,10.10.0.10,,,443,40826,0,1358,17
1584694060.798648,173.194.163.76,10.10.0.10,,,443,40826,0,1358,17
1584694060.80041,10.10.0.10,173.194.163.76,,,40826,443,0,37,17
1584694060.8051982,173.194.163.76,10.10.0.10,,,443,40826,0,1358,17
1584694060.8117492,173.194.163.76,10.10.0.10,,,443,40826,0,1358,17
1584694060.813257,10.10.0.10,173.194.163.76,,,40826,443,0,37,17
1584694060.8183002,173.194.163.76,10.10.0.10,,,443,40826,0,1358,17
1584694060.8248498,173.194.163.76,10.10.0.10,,,443,40826,0,1358,17
1584694060.828382,10.10.0.10,173.194.163.76,,,40826,443,0,37,17
1584694060.8314,173.194.163.76,10.10.0.10,,,443,40826,0,1358,17
1584694060.8379529,173.194.163.76,10.10.0.10,,,443,40826,0,1358,17
1584694060.839784,10.10.0.10,173.194.163.76,,,40826,443,0,37,17
1584694060.8444989,173.194.163.76,10.10.0.10,,,443,40826,0,1358,17
1584694060.851049,173.194.163.76,10.10.0.10,,,443,40826,0,1358,17
1584694060.852784,10.10.0.10,173.194.163.76,,,40826,443,0,37,17
1584694060.8576179,173.194.163.76,10.10.0.10,,,443,40826,0,1358,17
1584694060.8641562,173.194.163.76,10.10.0.10,,,443,40826,0,1358,17
1584694060.865908,10.10.0.10,173.194.163.76,,,40826,443,0,37,17
1584694060.870704,173.194.163.76,10.10.0.10,,,443,40826,0,1358,17
1584694060.8772562,173.194.163.76,10.10.0.10,,,443,40826,0,1358,17
1584694060.8789082,10.10.0.10,173.194.163.76,,,40826,443,0,37,17
1584694060.8838089,173.194.163.76,10.10.0.10,,,443,40826,0,1358,17
1584694060.89037,173.194.163.76,10.10.0.10,,,443,40826,0,1358,17
1584694060.891886,10.10.0.10,173.194.163.76,,,40826,443,0,37,17
1584694060.896908,173.194.163.76,10.10.0.10,,,443,40826,0,1358,17
1584694060.903457,173.194.163.76,10.10.0.10,,,443,40826,0,1358,17
1584694060.9051561,10.10.0.10,173.194.163.76,,,40826,443,0,37,17
1584694060.910008,173.194.163.76,10.10.0.10,,,443,40826,0,1358,17
1584694060.916559,173.194.163.76,10.10.0.10,,,443,40826,0,1358,17
1584694060.9181302,10.10.0.10,173.194.163.76,,,40826,443,0,37,17
1584694060.9231188,173.194.163.76,10.10.0.10,,,443,40826,0,1358,17
1584694060.92968,173.194.163.76,10.10.0.10,,,443,40826,0,1358,17
1584694060.931259,10.10.0.10,173.194.163.76,,,40826,443,0,50,17
1584694060.9362118,173.194.163.76,10.10.0.10,,,443,40826,0,1358,17
1584694060.942761,173.194.163.76,10.10.0.10,,,443,40826,0,1358,17
1584694060.944408,10.10.0.10,173.194.163.76,,,40826,443,0,37,17
1584694060.949314,173.194.163.76,10.10.0.10,,,443,40826,0,1358,17
1584694060.955858,173.194.163.76,10.10.0.10,,,443,40826,0,29,17
1584694060.956167,173.194.163.76,10.10.0.10,,,443,40826,0,1358,17
1584694060.957781,10.10.0.10,173.194.163.76,,,40826,443,0,37,17
1584694060.9627092,173.194.163.76,10.10.0.10,,,443,40826,0,1358,17
1584694060.969264,173.194.163.76,10.10.0.10,,,443,40826,0,1358,17
1584694060.9708762,10.10.0.10,173.194.163.76,,,40826,443,0,37,17
1584694060.9758108,173.194.163.76,10.10.0.10,,,443,40826,0,1358,17
1584694060.982368,173.194.163.76,10.10.0.10,,,443,40826,0,1358,17
1584694060.984154,10.10.0.10,173.194.163.76,,,40826,443,0,37,17
1584694060.9889278,173.194.163.76,10.10.0.10,,,443,40826,0,1358,17
1584694060.9954634,173.194.163.76,10.10.0.10,,,443,40826,0,1358,17
1584694061.002025,173.194.163.76,10.10.0.10,,,443,40826,0,1358,17
1584694061.008559,173.194.163.76,10.10.0.10,,,443,40826,0,1358,17
1584694061.015111,173.194.163.76,10.10.0.10,,,443,40826,0,1358,17
1584694061.02168,173.194.163.76,10.10.0.10,,,443,40826,0,1358,17
1584694061.0282106,173.194.163.76,10.10.0.10,,,443,40826,0,1358,17
1584694061.034759,173.194.163.76,10.10.0.10,,,443,40826,0,1358,17
1584694061.041311,173.194.163.76,10.10.0.10,,,443,40826,0,1358,17
1584694061.047864,173.194.163.76,10.10.0.10,,,443,40826,0,1358,17
1584694061.078743,173.194.163.76,10.10.0.10,,,443,40826,0,1358,17
1584694061.1162784,173.194.163.76,10.10.0.10,,,443,40826,0,1358,17
1584694061.148405,10.10.0.10,173.194.163.76,,,40826,443,0,40,17
1584694061.148434,10.10.0.10,173.194.163.76,,,40826,443,0,40,17
1584694061.149151,10.10.0.10,173.194.163.76,,,40826,443,0,40,17
1584694061.149618,10.10.0.10,173.194.163.76,,,40826,443,0,40,17
1584694061.151129,10.10.0.10,173.194.163.76,,,40826,443,0,40,17
1584694061.151527,10.10.0.10,173.194.163.76,,,40826,443,0,40,17
1584694061.152632,173.194.163.76,10.10.0.10,,,443,40826,0,1358,17
1584694061.1599028,173.194.163.76,10.10.0.10,,,443,40826,0,1358,17
1584694061.1647189,10.10.0.10,173.194.163.76,,,40826,443,0,40,17
1584694061.1664762,173.194.163.76,10.10.0.10,,,443,40826,0,1358,17
1584694061.1727116,173.194.163.76,10.10.0.10,,,443,40826,0,1358,17
1584694061.17275,173.194.163.76,10.10.0.10,,,443,40826,0,1358,17
1584694061.174233,10.10.0.10,173.194.163.76,,,40826,443,0,40,17
1584694061.185748,173.194.163.76,10.10.0.10,,,443,40826,0,1358,17
1584694061.185784,173.194.163.76,10.10.0.10,,,443,40826,0,1358,17
1584694061.18751,10.10.0.10,173.194.163.76,,,40826,443,0,40,17
1584694061.197449,173.194.163.76,10.10.0.10,,,443,40826,0,1358,17
1584694061.1982589,173.194.163.76,10.10.0.10,,,443,40826,0,1358,17
1584694061.200898,10.10.0.10,173.194.163.76,,,40826,443,0,40,17
1584694061.210293,173.194.163.76,10.10.0.10,,,443,40826,0,1358,17
1584694061.211355,173.194.163.76,10.10.0.10,,,443,40826,0,1358,17
1584694061.212353,10.10.0.10,173.194.163.76,,,40826,443,0,40,17
1584694061.2231288,173.194.163.76,10.10.0.10,,,443,40826,0,1358,17
1584694061.22447,173.194.163.76,10.10.0.10,,,443,40826,0,1358,17
1584694061.224965,10.10.0.10,173.194.163.76,,,40826,443,0,40,17
1584694061.235888,173.194.163.76,10.10.0.10,,,443,40826,0,1358,17
1584694061.2375634,173.194.163.76,10.10.0.10,,,443,40826,0,1358,17
1584694061.237622,10.10.0.10,173.194.163.76,,,40826,443,0,40,17
1584694061.246448,173.194.163.76,10.10.0.10,,,443,40826,0,1358,17
1584694061.248126,10.10.0.10,173.194.163.76,,,40826,443,0,40,17
1584694061.250675,173.194.163.76,10.10.0.10,,,443,40826,0,1358,17
1584694061.257234,173.194.163.76,10.10.0.10,,,443,40826,0,1358,17
1584694061.2587662,10.10.0.10,173.194.163.76,,,40826,443,0,40,17
1584694061.263767,173.194.163.76,10.10.0.10,,,443,40826,0,1358,17
1584694061.2703118,173.194.163.76,10.10.0.10,,,443,40826,0,1358,17
1584694061.2719939,10.10.0.10,173.194.163.76,,,40826,443,0,53,17
1584694061.27687,173.194.163.76,10.10.0.10,,,443,40826,0,1358,17
1584694061.283422,173.194.163.76,10.10.0.10,,,443,40826,0,1358,17
1584694061.285004,10.10.0.10,173.194.163.76,,,40826,443,0,40,17
1584694061.289983,173.194.163.76,10.10.0.10,,,443,40826,0,1358,17
1584694061.296518,173.194.163.76,10.10.0.10,,,443,40826,0,29,17
1584694061.296807,173.194.163.76,10.10.0.10,,,443,40826,0,1358,17
1584694061.298128,10.10.0.10,173.194.163.76,,,40826,443,0,37,17
1584694061.3033679,173.194.163.76,10.10.0.10,,,443,40826,0,1358,17
1584694061.3099241,173.194.163.76,10.10.0.10,,,443,40826,0,1358,17
1584694061.3164668,173.194.163.76,10.10.0.10,,,443,40826,0,1358,17
1584694061.3230212,173.194.163.76,10.10.0.10,,,443,40826,0,1358,17
1584694061.329568,173.194.163.76,10.10.0.10,,,443,40826,0,1358,17
1584694061.336122,173.194.163.76,10.10.0.10,,,443,40826,0,1358,17
1584694061.3426714,173.194.163.76,10.10.0.10,,,443,40826,0,1358,17
1584694061.349216,173.194.163.76,10.10.0.10,,,443,40826,0,1358,17
1584694061.355795,173.194.163.76,10.10.0.10,,,443,40826,0,1358,17
1584694061.362335,173.194.163.76,10.10.0.10,,,443,40826,0,1358,17
1584694061.3638964,10.10.0.10,173.194.163.76,,,40826,443,0,40,17
1584694061.363922,10.10.0.10,173.194.163.76,,,40826,443,0,40,17
1584694061.363962,10.10.0.10,173.194.163.76,,,40826,443,0,40,17
1584694061.36449,10.10.0.10,173.194.163.76,,,40826,443,0,40,17
1584694061.366478,10.10.0.10,173.194.163.76,,,40826,443,0,40,17
1584694061.366506,10.10.0.10,173.194.163.76,,,40826,443,0,40,17
1584694061.3688679,173.194.163.76,10.10.0.10,,,443,40826,0,1358,17
1584694061.372643,10.10.0.10,173.194.163.76,,,40826,443,0,40,17
1584694061.375424,173.194.163.76,10.10.0.10,,,443,40826,0,1358,17
1584694061.381983,173.194.163.76,10.10.0.10,,,443,40826,0,1358,17
1584694061.383769,10.10.0.10,173.194.163.76,,,40826,443,0,40,17
1584694061.3885422,173.194.163.76,10.10.0.10,,,443,40826,0,1358,17
1584694061.3950784,173.194.163.76,10.10.0.10,,,443,40826,0,1358,17
1584694061.396873,10.10.0.10,173.194.163.76,,,40826,443,0,40,17
1584694061.4016259,173.194.163.76,10.10.0.10,,,443,40826,0,1358,17
1584694061.408177,173.194.163.76,10.10.0.10,,,443,40826,0,1358,17
1584694061.4097474,10.10.0.10,173.194.163.76,,,40826,443,0,40,17
1584694061.4147284,173.194.163.76,10.10.0.10,,,443,40826,0,1358,17
1584694061.421292,173.194.163.76,10.10.0.10,,,443,40826,0,1358,17
1584694061.4228814,10.10.0.10,173.194.163.76,,,40826,443,0,40,17
1584694061.4278321,173.194.163.76,10.10.0.10,,,443,40826,0,1358,17
1584694061.4343786,173.194.163.76,10.10.0.10,,,443,40826,0,1358,17
1584694061.4369955,10.10.0.10,173.194.163.76,,,40826,443,0,40,17
1584694061.440929,173.194.163.76,10.10.0.10,,,443,40826,0,1358,17
1584694061.4474852,173.194.163.76,10.10.0.10,,,443,40826,0,1358,17
1584694061.450249,10.10.0.10,173.194.163.76,,,40826,443,0,40,17
1584694061.454027,173.194.163.76,10.10.0.10,,,443,40826,0,1358,17
1584694061.46058,173.194.163.76,10.10.0.10,,,443,40826,0,1358,17
1584694061.462121,10.10.0.10,173.194.163.76,,,40826,443,0,40,17
1584694061.4671311,173.194.163.76,10.10.0.10,,,443,40826,0,1358,17
1584694061.473682,173.194.163.76,10.10.0.10,,,443,40826,0,1358,17
1584694061.475268,10.10.0.10,173.194.163.76,,,40826,443,0,40,17
1584694061.480231,173.194.163.76,10.10.0.10,,,443,40826,0,1358,17
1584694061.486793,173.194.163.76,10.10.0.10,,,443,40826,0,1358,17
1584694061.488518,10.10.0.10,173.194.163.76,,,40826,443,0,40,17
1584694061.493334,173.194.163.76,10.10.0.10,,,443,40826,0,1358,17
1584694061.499886,173.194.163.76,10.10.0.10,,,443,40826,0,1358,17
1584694061.501514,10.10.0.10,173.194.163.76,,,40826,443,0,40,17
1584694061.5064359,173.194.163.76,10.10.0.10,,,443,40826,0,1358,17
1584694061.512987,173.194.163.76,10.10.0.10,,,443,40826,0,1358,17
1584694061.5146134,10.10.0.10,173.194.163.76,,,40826,443,0,53,17
1584694061.5195448,173.194.163.76,10.10.0.10,,,443,40826,0,1358,17
1584694061.5261009,173.194.163.76,10.10.0.10,,,443,40826,0,1358,17
1584694061.5276382,10.10.0.10,173.194.163.76,,,40826,443,0,40,17
1584694061.5326376,173.194.163.76,10.10.0.10,,,443,40826,0,1358,17
1584694061.5391881,173.194.163.76,10.10.0.10,,,443,40826,0,1358,17
1584694061.5416179,10.10.0.10,173.194.163.76,,,40826,443,0,40,17
1584694061.5457392,173.194.163.76,10.10.0.10,,,443,40826,0,1358,17
1584694061.5522852,173.194.163.76,10.10.0.10,,,443,40826,0,1358,17
1584694061.554013,10.10.0.10,173.194.163.76,,,40826,443,0,40,17
1584694061.5588508,173.194.163.76,10.10.0.10,,,443,40826,0,1358,17
1584694061.5654118,173.194.163.76,10.10.0.10,,,443,40826,0,1358,17
1584694061.56714,10.10.0.10,173.194.163.76,,,40826,443,0,40,17
1584694061.571939,173.194.163.76,10.10.0.10,,,443,40826,0,1358,17
1584694061.5784938,173.194.163.76,10.10.0.10,,,443,40826,0,1358,17
1584694061.580369,10.10.0.10,173.194.163.76,,,40826,443,0,40,17
1584694061.585044,173.194.163.76,10.10.0.10,,,443,40826,0,29,17
1584694061.585332,173.194.163.76,10.10.0.10,,,443,40826,0,1358,17
1584694061.5919142,173.194.163.76,10.10.0.10,,,443,40826,0,1358,17
1584694061.593765,10.10.0.10,173.194.163.76,,,40826,443,0,37,17
1584694061.598439,173.194.163.76,10.10.0.10,,,443,40826,0,1358,17
1584694061.60499,173.194.163.76,10.10.0.10,,,443,40826,0,1358,17
1584694061.6066382,10.10.0.10,173.194.163.76,,,40826,443,0,37,17
1584694061.611541,173.194.163.76,10.10.0.10,,,443,40826,0,1358,17
1584694061.618098,173.194.163.76,10.10.0.10,,,443,40826,0,1358,17
1584694061.619751,10.10.0.10,173.194.163.76,,,40826,443,0,37,17
1584694061.624664,173.194.163.76,10.10.0.10,,,443,40826,0,1358,17
1584694061.631191,173.194.163.76,10.10.0.10,,,443,40826,0,1358,17
1584694061.63276,10.10.0.10,173.194.163.76,,,40826,443,0,37,17
1584694061.6377466,173.194.163.76,10.10.0.10,,,443,40826,0,1358,17
1584694061.6442964,173.194.163.76,10.10.0.10,,,443,40826,0,1358,17
1584694061.645891,10.10.0.10,173.194.163.76,,,40826,443,0,37,17
1584694061.650841,173.194.163.76,10.10.0.10,,,443,40826,0,1358,17
1584694061.6574118,173.194.163.76,10.10.0.10,,,443,40826,0,1358,17
1584694061.6639464,173.194.163.76,10.10.0.10,,,443,40826,0,1358,17
1584694061.6693628,10.10.0.10,173.194.163.76,,,40826,443,0,37,17
1584694061.670495,173.194.163.76,10.10.0.10,,,443,40826,0,1358,17
1584694061.677048,173.194.163.76,10.10.0.10,,,443,40826,0,1358,17
1584694061.683598,173.194.163.76,10.10.0.10,,,443,40826,0,1358,17
1584694061.688242,10.10.0.10,173.194.163.76,,,40826,443,0,37,17
1584694061.690162,173.194.163.76,10.10.0.10,,,443,40826,0,1358,17
1584694061.690365,10.10.0.10,173.194.163.76,,,40826,443,0,37,17
1584694061.6967,173.194.163.76,10.10.0.10,,,443,40826,0,1358,17
1584694061.6983645,10.10.0.10,173.194.163.76,,,40826,443,0,37,17
1584694061.703249,173.194.163.76,10.10.0.10,,,443,40826,0,1358,17
1584694061.709799,173.194.163.76,10.10.0.10,,,443,40826,0,1358,17
1584694061.711488,10.10.0.10,173.194.163.76,,,40826,443,0,37,17
1584694061.71635,173.194.163.76,10.10.0.10,,,443,40826,0,1358,17
1584694061.7229102,173.194.163.76,10.10.0.10,,,443,40826,0,1358,17
1584694061.7246358,10.10.0.10,173.194.163.76,,,40826,443,0,37,17
1584694061.729451,173.194.163.76,10.10.0.10,,,443,40826,0,1358,17
1584694061.736006,173.194.163.76,10.10.0.10,,,443,40826,0,1358,17
1584694061.737634,10.10.0.10,173.194.163.76,,,40826,443,0,37,17
1584694061.742553,173.194.163.76,10.10.0.10,,,443,40826,0,1358,17
1584694061.749104,173.194.163.76,10.10.0.10,,,443,40826,0,1358,17
1584694061.7507591,10.10.0.10,173.194.163.76,,,40826,443,0,37,17
1584694061.75566,173.194.163.76,10.10.0.10,,,443,40826,0,1358,17
1584694061.762219,173.194.163.76,10.10.0.10,,,443,40826,0,1358,17
1584694061.763736,10.10.0.10,173.194.163.76,,,40826,443,0,37,17
1584694061.7687562,173.194.163.76,10.10.0.10,,,443,40826,0,1358,17
1584694061.775308,173.194.163.76,10.10.0.10,,,443,40826,0,1358,17
1584694061.776863,10.10.0.10,173.194.163.76,,,40826,443,0,50,17
1584694061.781855,173.194.163.76,10.10.0.10,,,443,40826,0,1358,17
1584694061.78841,173.194.163.76,10.10.0.10,,,443,40826,0,1358,17
1584694061.7899878,10.10.0.10,173.194.163.76,,,40826,443,0,37,17
1584694061.7949538,173.194.163.76,10.10.0.10,,,443,40826,0,1358,17
1584694061.8015056,173.194.163.76,10.10.0.10,,,443,40826,0,1358,17
1584694061.80323,10.10.0.10,173.194.163.76,,,40826,443,0,37,17
1584694061.808059,173.194.163.76,10.10.0.10,,,443,40826,0,1358,17
1584694061.814608,173.194.163.76,10.10.0.10,,,443,40826,0,1358,17
1584694061.816254,10.10.0.10,173.194.163.76,,,40826,443,0,37,17
1584694061.821162,173.194.163.76,10.10.0.10,,,443,40826,0,1358,17
1584694061.827717,173.194.163.76,10.10.0.10,,,443,40826,0,1358,17
1584694061.8297546,10.10.0.10,173.194.163.76,,,40826,443,0,37,17
1584694061.8342562,173.194.163.76,10.10.0.10,,,443,40826,0,1358,17
1584694061.840814,173.194.163.76,10.10.0.10,,,443,40826,0,1358,17
1584694061.842359,10.10.0.10,173.194.163.76,,,40826,443,0,37,17
1584694061.8473651,173.194.163.76,10.10.0.10,,,443,40826,0,1358,17
1584694061.8539119,173.194.163.76,10.10.0.10,,,443,40826,0,1358,17
1584694061.855634,10.10.0.10,173.194.163.76,,,40826,443,0,37,17
1584694061.860458,173.194.163.76,10.10.0.10,,,443,40826,0,1358,17
1584694061.8670142,173.194.163.76,10.10.0.10,,,443,40826,0,1358,17
1584694061.8684852,10.10.0.10,173.194.163.76,,,40826,443,0,37,17
1584694061.8735652,173.194.163.76,10.10.0.10,,,443,40826,0,1358,17
1584694061.88011,173.194.163.76,10.10.0.10,,,443,40826,0,1358,17
1584694061.881753,10.10.0.10,173.194.163.76,,,40826,443,0,37,17
1584694061.8866642,173.194.163.76,10.10.0.10,,,443,40826,0,1358,17
1584694061.8932161,173.194.163.76,10.10.0.10,,,443,40826,0,1358,17
1584694061.8948612,10.10.0.10,173.194.163.76,,,40826,443,0,37,17
1584694061.8997812,173.194.163.76,10.10.0.10,,,443,40826,0,1358,17
1584694061.9063199,173.194.163.76,10.10.0.10,,,443,40826,0,1358,17
1584694061.908255,10.10.0.10,173.194.163.76,,,40826,443,0,37,17
1584694061.912864,173.194.163.76,10.10.0.10,,,443,40826,0,1358,17
1584694061.9194188,173.194.163.76,10.10.0.10,,,443,40826,0,1358,17
1584694061.9211302,10.10.0.10,173.194.163.76,,,40826,443,0,37,17
1584694061.925964,173.194.163.76,10.10.0.10,,,443,40826,0,1358,17
1584694061.932529,173.194.163.76,10.10.0.10,,,443,40826,0,1358,17
1584694061.9345038,10.10.0.10,173.194.163.76,,,40826,443,0,37,17
1584694061.939065,173.194.163.76,10.10.0.10,,,443,40826,0,1358,17
1584694061.945622,173.194.163.76,10.10.0.10,,,443,40826,0,1358,17
1584694061.947606,10.10.0.10,173.194.163.76,,,40826,443,0,37,17
1584694061.952166,173.194.163.76,10.10.0.10,,,443,40826,0,1358,17
1584694061.9587224,173.194.163.76,10.10.0.10,,,443,40826,0,1358,17
1584694061.96236,10.10.0.10,173.194.163.76,,,40826,443,0,37,17
1584694061.9652786,173.194.163.76,10.10.0.10,,,443,40826,0,1358,17
1584694061.971839,173.194.163.76,10.10.0.10,,,443,40826,0,1358,17
1584694061.973628,10.10.0.10,173.194.163.76,,,40826,443,0,37,17
1584694061.978375,173.194.163.76,10.10.0.10,,,443,40826,0,1358,17
1584694061.984925,173.194.163.76,10.10.0.10,,,443,40826,0,1358,17
1584694061.98673,10.10.0.10,173.194.163.76,,,40826,443,0,37,17
1584694061.9914749,173.194.163.76,10.10.0.10,,,443,40826,0,1358,17
1584694061.9980285,173.194.163.76,10.10.0.10,,,443,40826,0,1358,17
1584694061.9999714,10.10.0.10,173.194.163.76,,,40826,443,0,37,17
1584694062.004573,173.194.163.76,10.10.0.10,,,443,40826,0,1358,17
1584694062.01115,173.194.163.76,10.10.0.10,,,443,40826,0,1358,17
1584694062.012855,10.10.0.10,173.194.163.76,,,40826,443,0,37,17
1584694062.017675,173.194.163.76,10.10.0.10,,,443,40826,0,1358,17
1584694062.024225,173.194.163.76,10.10.0.10,,,443,40826,0,1358,17
1584694062.025739,10.10.0.10,173.194.163.76,,,40826,443,0,37,17
1584694062.030778,173.194.163.76,10.10.0.10,,,443,40826,0,1358,17
1584694062.0373251,173.194.163.76,10.10.0.10,,,443,40826,0,1358,17
1584694062.039001,10.10.0.10,173.194.163.76,,,40826,443,0,50,17
1584694062.0438714,173.194.163.76,10.10.0.10,,,443,40826,0,1358,17
1584694062.050426,173.194.163.76,10.10.0.10,,,443,40826,0,1358,17
1584694062.052089,10.10.0.10,173.194.163.76,,,40826,443,0,37,17
1584694062.056977,173.194.163.76,10.10.0.10,,,443,40826,0,1358,17
1584694062.0635312,173.194.163.76,10.10.0.10,,,443,40826,0,1358,17
1584694062.067208,10.10.0.10,173.194.163.76,,,40826,443,0,37,17
1584694062.070086,173.194.163.76,10.10.0.10,,,443,40826,0,1358,17
1584694062.076648,173.194.163.76,10.10.0.10,,,443,40826,0,1358,17
1584694062.0808446,10.10.0.10,173.194.163.76,,,40826,443,0,37,17
1584694062.083183,173.194.163.76,10.10.0.10,,,443,40826,0,1358,17
1584694062.089732,173.194.163.76,10.10.0.10,,,443,40826,0,1358,17
1584694062.0916991,10.10.0.10,173.194.163.76,,,40826,443,0,37,17
1584694062.0962784,173.194.163.76,10.10.0.10,,,443,40826,0,1358,17
1584694062.1028314,173.194.163.76,10.10.0.10,,,443,40826,0,1358,17
1584694062.104352,10.10.0.10,173.194.163.76,,,40826,443,0,37,17
1584694062.1093822,173.194.163.76,10.10.0.10,,,443,40826,0,1358,17
1584694062.11594,173.194.163.76,10.10.0.10,,,443,40826,0,1358,17
1584694062.1178539,10.10.0.10,173.194.163.76,,,40826,443,0,37,17
1584694062.1224868,173.194.163.76,10.10.0.10,,,443,40826,0,1358,17
1584694062.1290364,173.194.163.76,10.10.0.10,,,443,40826,0,1358,17
1584694062.130832,10.10.0.10,173.194.163.76,,,40826,443,0,37,17
1584694062.135582,173.194.163.76,10.10.0.10,,,443,40826,0,1358,17
1584694062.142138,173.194.163.76,10.10.0.10,,,443,40826,0,1358,17
1584694062.143697,10.10.0.10,173.194.163.76,,,40826,443,0,37,17
1584694062.1486852,173.194.163.76,10.10.0.10,,,443,40826,0,1358,17
1584694062.1552358,173.194.163.76,10.10.0.10,,,443,40826,0,1358,17
1584694062.157089,10.10.0.10,173.194.163.76,,,40826,443,0,37,17
1584694062.1617858,173.194.163.76,10.10.0.10,,,443,40826,0,1358,17
1584694062.1683395,173.194.163.76,10.10.0.10,,,443,40826,0,1358,17
1584694062.169985,10.10.0.10,173.194.163.76,,,40826,443,0,37,17
1584694062.1748898,173.194.163.76,10.10.0.10,,,443,40826,0,1358,17
1584694062.18144,173.194.163.76,10.10.0.10,,,443,40826,0,1358,17
1584694062.183065,10.10.0.10,173.194.163.76,,,40826,443,0,37,17
1584694062.187994,173.194.163.76,10.10.0.10,,,443,40826,0,1358,17
1584694062.194536,173.194.163.76,10.10.0.10,,,443,40826,0,1358,17
1584694062.196079,10.10.0.10,173.194.163.76,,,40826,443,0,37,17
1584694062.2010946,173.194.163.76,10.10.0.10,,,443,40826,0,1358,17
1584694062.2076411,173.194.163.76,10.10.0.10,,,443,40826,0,1358,17
1584694062.210871,10.10.0.10,173.194.163.76,,,40826,443,0,37,17
1584694062.214188,173.194.163.76,10.10.0.10,,,443,40826,0,1358,17
1584694062.2207446,173.194.163.76,10.10.0.10,,,443,40826,0,1358,17
1584694062.22234,10.10.0.10,173.194.163.76,,,40826,443,0,37,17
1584694062.227293,173.194.163.76,10.10.0.10,,,443,40826,0,1358,17
1584694062.233855,173.194.163.76,10.10.0.10,,,443,40826,0,1358,17
1584694062.235471,10.10.0.10,173.194.163.76,,,40826,443,0,37,17
1584694062.2403972,173.194.163.76,10.10.0.10,,,443,40826,0,1358,17
1584694062.24696,173.194.163.76,10.10.0.10,,,443,40826,0,1358,17
1584694062.2484784,10.10.0.10,173.194.163.76,,,40826,443,0,37,17
1584694062.253494,173.194.163.76,10.10.0.10,,,443,40826,0,1358,17
1584694062.2600439,173.194.163.76,10.10.0.10,,,443,40826,0,1358,17
1584694062.2616,10.10.0.10,173.194.163.76,,,40826,443,0,37,17
1584694062.266598,173.194.163.76,10.10.0.10,,,443,40826,0,1358,17
1584694062.27315,173.194.163.76,10.10.0.10,,,443,40826,0,1358,17
1584694062.2747252,10.10.0.10,173.194.163.76,,,40826,443,0,37,17
1584694062.279705,173.194.163.76,10.10.0.10,,,443,40826,0,1358,17
1584694062.28627,173.194.163.76,10.10.0.10,,,443,40826,0,1358,17
1584694062.287742,10.10.0.10,173.194.163.76,,,40826,443,0,37,17
1584694062.2928028,173.194.163.76,10.10.0.10,,,443,40826,0,1358,17
1584694062.2995422,173.194.163.76,10.10.0.10,,,443,40826,0,1358,17
1584694062.301098,10.10.0.10,173.194.163.76,,,40826,443,0,50,17
1584694062.306104,173.194.163.76,10.10.0.10,,,443,40826,0,1358,17
1584694062.31265,173.194.163.76,10.10.0.10,,,443,40826,0,1358,17
1584694062.31424,10.10.0.10,173.194.163.76,,,40826,443,0,37,17
1584694062.3192039,173.194.163.76,10.10.0.10,,,443,40826,0,1358,17
1584694062.325768,173.194.163.76,10.10.0.10,,,443,40826,0,1358,17
1584694062.327354,10.10.0.10,173.194.163.76,,,40826,443,0,37,17
1584694062.3323162,173.194.163.76,10.10.0.10,,,443,40826,0,1358,17
1584694062.3388536,173.194.163.76,10.10.0.10,,,443,40826,0,1358,17
1584694062.3405955,10.10.0.10,173.194.163.76,,,40826,443,0,37,17
1584694062.345402,173.194.163.76,10.10.0.10,,,443,40826,0,1358,17
1584694062.351954,173.194.163.76,10.10.0.10,,,443,40826,0,29,17
1584694062.3522446,173.194.163.76,10.10.0.10,,,443,40826,0,1358,17
1584694062.3537388,10.10.0.10,173.194.163.76,,,40826,443,0,37,17
1584694062.3588035,173.194.163.76,10.10.0.10,,,443,40826,0,1358,17
1584694062.3653548,173.194.163.76,10.10.0.10,,,443,40826,0,1358,17
1584694062.366991,10.10.0.10,173.194.163.76,,,40826,443,0,37,17
1584694062.371902,173.194.163.76,10.10.0.10,,,443,40826,0,1358,17
1584694062.378454,173.194.163.76,10.10.0.10,,,443,40826,0,1358,17
1584694062.380351,10.10.0.10,173.194.163.76,,,40826,443,0,37,17
1584694062.385016,173.194.163.76,10.10.0.10,,,443,40826,0,1358,17
1584694062.3915539,173.194.163.76,10.10.0.10,,,443,40826,0,1358,17
1584694062.393369,10.10.0.10,173.194.163.76,,,40826,443,0,37,17
1584694062.3981068,173.194.163.76,10.10.0.10,,,443,40826,0,1358,17
1584694062.4046528,173.194.163.76,10.10.0.10,,,443,40826,0,1358,17
1584694062.4066038,10.10.0.10,173.194.163.76,,,40826,443,0,37,17
1584694062.411206,173.194.163.76,10.10.0.10,,,443,40826,0,1358,17
1584694062.417766,173.194.163.76,10.10.0.10,,,443,40826,0,1358,17
1584694062.4193618,10.10.0.10,173.194.163.76,,,40826,443,0,37,17
1584694062.4243078,173.194.163.76,10.10.0.10,,,443,40826,0,1358,17
1584694062.430858,173.194.163.76,10.10.0.10,,,443,40826,0,313,17
1584694062.432217,10.10.0.10,173.194.163.76,,,40826,443,0,37,17
1584694062.457618,10.10.0.10,173.194.163.76,,,40826,443,0,726,17
1584694062.4592366,10.10.0.10,173.194.163.76,,,40826,443,0,48,17
1584694062.463375,173.194.163.76,10.10.0.10,,,443,40826,0,29,17
1584694062.4639509,173.194.163.76,10.10.0.10,,,443,40826,0,1358,17
1584694062.4639876,173.194.163.76,10.10.0.10,,,443,40826,0,1358,17
1584694062.4695332,173.194.163.76,10.10.0.10,,,443,40826,0,1358,17
1584694062.4719698,10.10.0.10,173.194.163.76,,,40826,443,0,37,17
1584694062.4723332,10.10.0.10,173.194.163.76,,,40826,443,0,729,17
1584694062.472616,10.10.0.10,173.194.163.76,,,40826,443,0,48,17
1584694062.4760828,173.194.163.76,10.10.0.10,,,443,40826,0,1358,17
1584694062.482639,173.194.163.76,10.10.0.10,,,443,40826,0,1358,17
1584694062.4849882,10.10.0.10,173.194.163.76,,,40826,443,0,37,17
1584694062.489201,173.194.163.76,10.10.0.10,,,443,40826,0,1358,17
1584694062.495735,173.194.163.76,10.10.0.10,,,443,40826,0,1358,17
1584694062.497361,10.10.0.10,173.194.163.76,,,40826,443,0,37,17
1584694062.5022829,173.194.163.76,10.10.0.10,,,443,40826,0,1358,17
1584694062.5088348,173.194.163.76,10.10.0.10,,,443,40826,0,1358,17
1584694062.5104852,10.10.0.10,173.194.163.76,,,40826,443,0,37,17
1584694062.5153885,173.194.163.76,10.10.0.10,,,443,40826,0,1358,17
1584694062.5219321,173.194.163.76,10.10.0.10,,,443,40826,0,1358,17
1584694062.5236099,10.10.0.10,173.194.163.76,,,40826,443,0,37,17
1584694062.528483,173.194.163.76,10.10.0.10,,,443,40826,0,1358,17
1584694062.535823,173.194.163.76,10.10.0.10,,,443,40826,0,1358,17
1584694062.5378408,10.10.0.10,173.194.163.76,,,40826,443,0,37,17
1584694062.542375,173.194.163.76,10.10.0.10,,,443,40826,0,1358,17
1584694062.548944,173.194.163.76,10.10.0.10,,,443,40826,0,1358,17
1584694062.550839,10.10.0.10,173.194.163.76,,,40826,443,0,37,17
1584694062.555495,173.194.163.76,10.10.0.10,,,443,40826,0,1358,17
1584694062.562032,173.194.163.76,10.10.0.10,,,443,40826,0,1358,17
1584694062.563608,10.10.0.10,173.194.163.76,,,40826,443,0,37,17
1584694062.568584,173.194.163.76,10.10.0.10,,,443,40826,0,1358,17
1584694062.575136,173.194.163.76,10.10.0.10,,,443,40826,0,1358,17
1584694062.576864,10.10.0.10,173.194.163.76,,,40826,443,0,37,17
1584694062.5816998,173.194.163.76,10.10.0.10,,,443,40826,0,1358,17
1584694062.588232,173.194.163.76,10.10.0.10,,,443,40826,0,1358,17
1584694062.5897124,10.10.0.10,173.194.163.76,,,40826,443,0,37,17
1584694062.594786,173.194.163.76,10.10.0.10,,,443,40826,0,1358,17
1584694062.601336,173.194.163.76,10.10.0.10,,,443,40826,0,1358,17
1584694062.6028268,10.10.0.10,173.194.163.76,,,40826,443,0,37,17
1584694062.6078901,173.194.163.76,10.10.0.10,,,443,40826,0,1358,17
1584694062.6144452,173.194.163.76,10.10.0.10,,,443,40826,0,1358,17
1584694062.6160884,10.10.0.10,173.194.163.76,,,40826,443,0,37,17
1584694062.6210108,173.194.163.76,10.10.0.10,,,443,40826,0,1358,17
1584694062.6275332,173.194.163.76,10.10.0.10,,,443,40826,0,1358,17
1584694062.629185,10.10.0.10,173.194.163.76,,,40826,443,0,37,17
1584694062.63409,173.194.163.76,10.10.0.10,,,443,40826,0,1358,17
1584694062.640639,173.194.163.76,10.10.0.10,,,443,40826,0,1358,17
1584694062.642336,10.10.0.10,173.194.163.76,,,40826,443,0,37,17
1584694062.647194,173.194.163.76,10.10.0.10,,,443,40826,0,1358,17
1584694062.653757,173.194.163.76,10.10.0.10,,,443,40826,0,1358,17
1584694062.6554608,10.10.0.10,173.194.163.76,,,40826,443,0,37,17
1584694062.6602864,173.194.163.76,10.10.0.10,,,443,40826,0,1358,17
1584694062.66684,173.194.163.76,10.10.0.10,,,443,40826,0,1358,17
1584694062.6684618,10.10.0.10,173.194.163.76,,,40826,443,0,37,17
1584694062.673392,173.194.163.76,10.10.0.10,,,443,40826,0,1358,17
1584694062.679949,173.194.163.76,10.10.0.10,,,443,40826,0,1358,17
1584694062.6816099,10.10.0.10,173.194.163.76,,,40826,443,0,37,17
1584694062.6864932,173.194.163.76,10.10.0.10,,,443,40826,0,1358,17
1584694062.693044,173.194.163.76,10.10.0.10,,,443,40826,0,1358,17
1584694062.6947286,10.10.0.10,173.194.163.76,,,40826,443,0,37,17
1584694062.699598,173.194.163.76,10.10.0.10,,,443,40826,0,1358,17
1584694062.706146,173.194.163.76,10.10.0.10,,,443,40826,0,1358,17
1584694062.709855,10.10.0.10,173.194.163.76,,,40826,443,0,37,17
1584694062.7126946,173.194.163.76,10.10.0.10,,,443,40826,0,1358,17
1584694062.7192578,173.194.163.76,10.10.0.10,,,443,40826,0,1358,17
1584694062.7257972,173.194.163.76,10.10.0.10,,,443,40826,0,1358,17
1584694062.732343,173.194.163.76,10.10.0.10,,,443,40826,0,1358,17
1584694062.7388961,173.194.163.76,10.10.0.10,,,443,40826,0,1358,17
1584694062.7428358,10.10.0.10,173.194.163.76,,,40826,443,0,37,17
1584694062.7435849,10.10.0.10,173.194.163.76,,,40826,443,0,50,17
1584694062.7454472,173.194.163.76,10.10.0.10,,,443,40826,0,1358,17
1584694062.746979,10.10.0.10,173.194.163.76,,,40826,443,0,37,17
1584694062.751994,173.194.163.76,10.10.0.10,,,443,40826,0,1358,17
1584694062.7585492,173.194.163.76,10.10.0.10,,,443,40826,0,1358,17
1584694062.760203,10.10.0.10,173.194.163.76,,,40826,443,0,37,17
1584694062.7651002,173.194.163.76,10.10.0.10,,,443,40826,0,1358,17
1584694062.7716508,173.194.163.76,10.10.0.10,,,443,40826,0,1358,17
1584694062.773216,10.10.0.10,173.194.163.76,,,40826,443,0,37,17
1584694062.778198,173.194.163.76,10.10.0.10,,,443,40826,0,1358,17
1584694062.784756,173.194.163.76,10.10.0.10,,,443,40826,0,1358,17
1584694062.7862108,10.10.0.10,173.194.163.76,,,40826,443,0,37,17
1584694062.7913172,173.194.163.76,10.10.0.10,,,443,40826,0,1358,17
1584694062.7978532,173.194.163.76,10.10.0.10,,,443,40826,0,1358,17
1584694062.799335,10.10.0.10,173.194.163.76,,,40826,443,0,37,17
1584694062.8044,173.194.163.76,10.10.0.10,,,443,40826,0,1358,17
1584694062.8109562,173.194.163.76,10.10.0.10,,,443,40826,0,1358,17
1584694062.817503,173.194.163.76,10.10.0.10,,,443,40826,0,1358,17
1584694062.8240528,173.194.163.76,10.10.0.10,,,443,40826,0,1358,17
1584694062.830626,173.194.163.76,10.10.0.10,,,443,40826,0,1358,17
1584694062.835728,10.10.0.10,173.194.163.76,,,40826,443,0,37,17
1584694062.8371556,173.194.163.76,10.10.0.10,,,443,40826,0,1358,17
1584694062.837474,10.10.0.10,173.194.163.76,,,40826,443,0,37,17
1584694062.8386042,10.10.0.10,173.194.163.76,,,40826,443,0,37,17
1584694062.8437068,173.194.163.76,10.10.0.10,,,443,40826,0,1358,17
1584694062.850257,173.194.163.76,10.10.0.10,,,443,40826,0,1358,17
1584694062.852074,10.10.0.10,173.194.163.76,,,40826,443,0,37,17
1584694062.856803,173.194.163.76,10.10.0.10,,,443,40826,0,1358,17
1584694062.8633552,173.194.163.76,10.10.0.10,,,443,40826,0,1358,17
1584694062.865206,10.10.0.10,173.194.163.76,,,40826,443,0,37,17
1584694062.8699038,173.194.163.76,10.10.0.10,,,443,40826,0,1358,17
1584694062.876459,173.194.163.76,10.10.0.10,,,443,40826,0,1358,17
1584694062.8786,10.10.0.10,173.194.163.76,,,40826,443,0,37,17
1584694062.883008,173.194.163.76,10.10.0.10,,,443,40826,0,1358,17
1584694062.8895645,173.194.163.76,10.10.0.10,,,443,40826,0,1358,17
1584694062.8913321,10.10.0.10,173.194.163.76,,,40826,443,0,37,17
1584694062.896106,173.194.163.76,10.10.0.10,,,443,40826,0,1358,17
1584694062.902664,173.194.163.76,10.10.0.10,,,443,40826,0,1358,17
1584694062.9092119,173.194.163.76,10.10.0.10,,,443,40826,0,1358,17
1584694062.915762,173.194.163.76,10.10.0.10,,,443,40826,0,1358,17
1584694062.9223142,173.194.163.76,10.10.0.10,,,443,40826,0,1358,17
1584694062.928864,173.194.163.76,10.10.0.10,,,443,40826,0,1358,17
1584694062.930361,10.10.0.10,173.194.163.76,,,40826,443,0,37,17
1584694062.930392,10.10.0.10,173.194.163.76,,,40826,443,0,37,17
1584694062.934056,10.10.0.10,173.194.163.76,,,40826,443,0,37,17
1584694062.935414,173.194.163.76,10.10.0.10,,,443,40826,0,1358,17
1584694062.941962,173.194.163.76,10.10.0.10,,,443,40826,0,1358,17
1584694062.9485116,173.194.163.76,10.10.0.10,,,443,40826,0,1358,17
1584694062.9550712,173.194.163.76,10.10.0.10,,,443,40826,0,1358,17
1584694062.9616249,173.194.163.76,10.10.0.10,,,443,40826,0,1358,17
1584694062.9681635,173.194.163.76,10.10.0.10,,,443,40826,0,1358,17
1584694062.9694364,10.10.0.10,173.194.163.76,,,40826,443,0,37,17
1584694062.9720442,10.10.0.10,173.194.163.76,,,40826,443,0,37,17
1584694062.9723,10.10.0.10,173.194.163.76,,,40826,443,0,40,17
1584694062.97472,173.194.163.76,10.10.0.10,,,443,40826,0,1358,17
1584694062.976331,10.10.0.10,173.194.163.76,,,40826,443,0,40,17
1584694062.981262,173.194.163.76,10.10.0.10,,,443,40826,0,1358,17
1584694062.9837012,10.10.0.10,173.194.163.76,,,40826,443,0,53,17
1584694062.9878142,173.194.163.76,10.10.0.10,,,443,40826,0,1358,17
1584694062.9907026,10.10.0.10,173.194.163.76,,,40826,443,0,40,17
1584694062.9943652,173.194.163.76,10.10.0.10,,,443,40826,0,1358,17
1584694063.000934,173.194.163.76,10.10.0.10,,,443,40826,0,1358,17
1584694063.00747,173.194.163.76,10.10.0.10,,,443,40826,0,1358,17
1584694063.0140178,173.194.163.76,10.10.0.10,,,443,40826,0,1358,17
1584694063.0205731,173.194.163.76,10.10.0.10,,,443,40826,0,1358,17
1584694063.025434,10.10.0.10,173.194.163.76,,,40826,443,0,40,17
1584694063.0266988,10.10.0.10,173.194.163.76,,,40826,443,0,40,17
1584694063.0271199,173.194.163.76,10.10.0.10,,,443,40826,0,1358,17
1584694063.0295556,10.10.0.10,173.194.163.76,,,40826,443,0,37,17
1584694063.0336692,173.194.163.76,10.10.0.10,,,443,40826,0,1358,17
1584694063.0402188,173.194.163.76,10.10.0.10,,,443,40826,0,1358,17
1584694063.041824,10.10.0.10,173.194.163.76,,,40826,443,0,37,17
1584694063.0467732,173.194.163.76,10.10.0.10,,,443,40826,0,1358,17
1584694063.053319,173.194.163.76,10.10.0.10,,,443,40826,0,1358,17
1584694063.054917,10.10.0.10,173.194.163.76,,,40826,443,0,37,17
1584694063.0598722,173.194.163.76,10.10.0.10,,,443,40826,0,1358,17
1584694063.066432,173.194.163.76,10.10.0.10,,,443,40826,0,1358,17
1584694063.0680401,10.10.0.10,173.194.163.76,,,40826,443,0,37,17
1584694063.0729759,173.194.163.76,10.10.0.10,,,443,40826,0,1358,17
1584694063.0795398,173.194.163.76,10.10.0.10,,,443,40826,0,1358,17
1584694063.081074,10.10.0.10,173.194.163.76,,,40826,443,0,37,17
1584694063.0860748,173.194.163.76,10.10.0.10,,,443,40826,0,1358,17
1584694063.0926278,173.194.163.76,10.10.0.10,,,443,40826,0,1358,17
1584694063.095799,10.10.0.10,173.194.163.76,,,40826,443,0,37,17
1584694063.099174,173.194.163.76,10.10.0.10,,,443,40826,0,1358,17
1584694063.1057222,173.194.163.76,10.10.0.10,,,443,40826,0,1358,17
1584694063.1074688,10.10.0.10,173.194.163.76,,,40826,443,0,37,17
1584694063.112274,173.194.163.76,10.10.0.10,,,443,40826,0,1358,17
1584694063.1188312,173.194.163.76,10.10.0.10,,,443,40826,0,1358,17
1584694063.122202,10.10.0.10,173.194.163.76,,,40826,443,0,37,17
1584694063.1253812,173.194.163.76,10.10.0.10,,,443,40826,0,1358,17
1584694063.13196,173.194.163.76,10.10.0.10,,,443,40826,0,1358,17
1584694063.1339548,10.10.0.10,173.194.163.76,,,40826,443,0,37,17
1584694063.1384988,173.194.163.76,10.10.0.10,,,443,40826,0,1358,17
1584694063.14504,173.194.163.76,10.10.0.10,,,443,40826,0,1358,17
1584694063.1465929,10.10.0.10,173.194.163.76,,,40826,443,0,37,17
1584694063.1515849,173.194.163.76,10.10.0.10,,,443,40826,0,1358,17
1584694063.158138,173.194.163.76,10.10.0.10,,,443,40826,0,1358,17
1584694063.159575,10.10.0.10,173.194.163.76,,,40826,443,0,37,17
1584694063.164686,173.194.163.76,10.10.0.10,,,443,40826,0,1358,17
1584694063.171248,173.194.163.76,10.10.0.10,,,443,40826,0,1358,17
1584694063.1726918,10.10.0.10,173.194.163.76,,,40826,443,0,37,17
1584694063.1777868,173.194.163.76,10.10.0.10,,,443,40826,0,1358,17
1584694063.184351,173.194.163.76,10.10.0.10,,,443,40826,0,1358,17
1584694063.185824,10.10.0.10,173.194.163.76,,,40826,443,0,37,17
1584694063.190887,173.194.163.76,10.10.0.10,,,443,40826,0,1358,17
1584694063.197439,173.194.163.76,10.10.0.10,,,443,40826,0,1358,17
1584694063.203984,173.194.163.76,10.10.0.10,,,443,40826,0,1358,17
1584694063.2105546,173.194.163.76,10.10.0.10,,,443,40826,0,1358,17
1584694063.2170901,173.194.163.76,10.10.0.10,,,443,40826,0,1358,17
1584694063.223641,173.194.163.76,10.10.0.10,,,443,40826,0,1358,17
1584694063.229346,10.10.0.10,173.194.163.76,,,40826,443,0,37,17
1584694063.2299662,10.10.0.10,173.194.163.76,,,40826,443,0,37,17
1584694063.230187,173.194.163.76,10.10.0.10,,,443,40826,0,1358,17
1584694063.231216,10.10.0.10,173.194.163.76,,,40826,443,0,37,17
1584694063.236743,173.194.163.76,10.10.0.10,,,443,40826,0,1358,17
1584694063.238945,10.10.0.10,173.194.163.76,,,40826,443,0,50,17
1584694063.2433028,173.194.163.76,10.10.0.10,,,443,40826,0,1358,17
1584694063.2498634,173.194.163.76,10.10.0.10,,,443,40826,0,1358,17
1584694063.251699,10.10.0.10,173.194.163.76,,,40826,443,0,37,17
1584694063.256392,173.194.163.76,10.10.0.10,,,443,40826,0,1358,17
1584694063.2629461,173.194.163.76,10.10.0.10,,,443,40826,0,1358,17
1584694063.264694,10.10.0.10,173.194.163.76,,,40826,443,0,37,17
1584694063.2694972,173.194.163.76,10.10.0.10,,,443,40826,0,29,17
1584694063.269785,173.194.163.76,10.10.0.10,,,443,40826,0,1358,17
1584694063.2763536,173.194.163.76,10.10.0.10,,,443,40826,0,1358,17
1584694063.2780876,10.10.0.10,173.194.163.76,,,40826,443,0,37,17
1584694063.2828908,173.194.163.76,10.10.0.10,,,443,40826,0,1358,17
1584694063.2894428,173.194.163.76,10.10.0.10,,,443,40826,0,1358,17
1584694063.2943392,10.10.0.10,173.194.163.76,,,40826,443,0,37,17
1584694063.295989,173.194.163.76,10.10.0.10,,,443,40826,0,1358,17
1584694063.302551,173.194.163.76,10.10.0.10,,,443,40826,0,1358,17
1584694063.309113,173.194.163.76,10.10.0.10,,,443,40826,0,1358,17
1584694063.315641,173.194.163.76,10.10.0.10,,,443,40826,0,1358,17
1584694063.3221948,173.194.163.76,10.10.0.10,,,443,40826,0,1358,17
1584694063.328742,173.194.163.76,10.10.0.10,,,443,40826,0,1358,17
1584694063.329947,10.10.0.10,173.194.163.76,,,40826,443,0,37,17
1584694063.3299718,10.10.0.10,173.194.163.76,,,40826,443,0,37,17
1584694063.3307102,10.10.0.10,173.194.163.76,,,40826,443,0,37,17
1584694063.3352995,173.194.163.76,10.10.0.10,,,443,40826,0,1358,17
1584694063.341862,173.194.163.76,10.10.0.10,,,443,40826,0,1358,17
1584694063.343441,10.10.0.10,173.194.163.76,,,40826,443,0,37,17
1584694063.348398,173.194.163.76,10.10.0.10,,,443,40826,0,1358,17
1584694063.3549502,173.194.163.76,10.10.0.10,,,443,40826,0,1358,17
1584694063.356442,10.10.0.10,173.194.163.76,,,40826,443,0,37,17
1584694063.3615036,173.194.163.76,10.10.0.10,,,443,40826,0,1358,17
1584694063.3680508,173.194.163.76,10.10.0.10,,,443,40826,0,1358,17
1584694063.369709,10.10.0.10,173.194.163.76,,,40826,443,0,37,17
1584694063.3746202,173.194.163.76,10.10.0.10,,,443,40826,0,1358,17
1584694063.381152,173.194.163.76,10.10.0.10,,,443,40826,0,1358,17
1584694063.382711,10.10.0.10,173.194.163.76,,,40826,443,0,37,17
1584694063.387703,173.194.163.76,10.10.0.10,,,443,40826,0,1358,17
1584694063.394253,173.194.163.76,10.10.0.10,,,443,40826,0,1358,17
1584694063.396065,10.10.0.10,173.194.163.76,,,40826,443,0,37,17
1584694063.4008038,173.194.163.76,10.10.0.10,,,443,40826,0,1358,17
1584694063.4073641,173.194.163.76,10.10.0.10,,,443,40826,0,1358,17
1584694063.4139054,173.194.163.76,10.10.0.10,,,443,40826,0,1358,17
1584694063.4204519,173.194.163.76,10.10.0.10,,,443,40826,0,1358,17
1584694063.4270115,173.194.163.76,10.10.0.10,,,443,40826,0,1358,17
1584694063.433558,173.194.163.76,10.10.0.10,,,443,40826,0,1358,17
1584694063.4347172,10.10.0.10,173.194.163.76,,,40826,443,0,37,17
1584694063.434781,10.10.0.10,173.194.163.76,,,40826,443,0,37,17
1584694063.4360714,10.10.0.10,173.194.163.76,,,40826,443,0,37,17
1584694063.440113,173.194.163.76,10.10.0.10,,,443,40826,0,1358,17
1584694063.4466732,173.194.163.76,10.10.0.10,,,443,40826,0,1358,17
1584694063.448838,10.10.0.10,173.194.163.76,,,40826,443,0,37,17
1584694063.453207,173.194.163.76,10.10.0.10,,,443,40826,0,1358,17
1584694063.459759,173.194.163.76,10.10.0.10,,,443,40826,0,1358,17
1584694063.461708,10.10.0.10,173.194.163.76,,,40826,443,0,37,17
1584694063.466309,173.194.163.76,10.10.0.10,,,443,40826,0,1358,17
1584694063.472861,173.194.163.76,10.10.0.10,,,443,40826,0,1358,17
1584694063.474442,10.10.0.10,173.194.163.76,,,40826,443,0,37,17
1584694063.4794214,173.194.163.76,10.10.0.10,,,443,40826,0,1358,17
1584694063.485984,173.194.163.76,10.10.0.10,,,443,40826,0,1358,17
1584694063.487952,10.10.0.10,173.194.163.76,,,40826,443,0,37,17
1584694063.492511,173.194.163.76,10.10.0.10,,,443,40826,0,1358,17
1584694063.4990618,173.194.163.76,10.10.0.10,,,443,40826,0,1358,17
1584694063.505614,173.194.163.76,10.10.0.10,,,443,40826,0,1358,17
1584694063.5121582,173.194.163.76,10.10.0.10,,,443,40826,0,1358,17
1584694063.518732,173.194.163.76,10.10.0.10,,,443,40826,0,1358,17
1584694063.525265,173.194.163.76,10.10.0.10,,,443,40826,0,1358,17
1584694063.5308151,10.10.0.10,173.194.163.76,,,40826,443,0,50,17
1584694063.531817,173.194.163.76,10.10.0.10,,,443,40826,0,1358,17
1584694063.532464,10.10.0.10,173.194.163.76,,,40826,443,0,37,17
1584694063.532944,10.10.0.10,173.194.163.76,,,40826,443,0,37,17
1584694063.538366,173.194.163.76,10.10.0.10,,,443,40826,0,1358,17
1584694063.5402071,10.10.0.10,173.194.163.76,,,40826,443,0,37,17
1584694063.544919,173.194.163.76,10.10.0.10,,,443,40826,0,1358,17
1584694063.551466,173.194.163.76,10.10.0.10,,,443,40826,0,1358,17
1584694063.553186,10.10.0.10,173.194.163.76,,,40826,443,0,37,17
1584694063.558021,173.194.163.76,10.10.0.10,,,443,40826,0,1358,17
1584694063.564567,173.194.163.76,10.10.0.10,,,443,40826,0,1358,17
1584694063.566456,10.10.0.10,173.194.163.76,,,40826,443,0,37,17
1584694063.5711179,173.194.163.76,10.10.0.10,,,443,40826,0,1358,17
1584694063.577668,173.194.163.76,10.10.0.10,,,443,40826,0,1358,17
1584694063.579304,10.10.0.10,173.194.163.76,,,40826,443,0,37,17
1584694063.584235,173.194.163.76,10.10.0.10,,,443,40826,0,1358,17
1584694063.5907788,173.194.163.76,10.10.0.10,,,443,40826,0,1358,17
1584694063.592435,10.10.0.10,173.194.163.76,,,40826,443,0,37,17
1584694063.597321,173.194.163.76,10.10.0.10,,,443,40826,0,1358,17
1584694063.603872,173.194.163.76,10.10.0.10,,,443,40826,0,1358,17
1584694063.6056838,10.10.0.10,173.194.163.76,,,40826,443,0,37,17
1584694063.6104221,173.194.163.76,10.10.0.10,,,443,40826,0,1358,17
1584694063.616983,173.194.163.76,10.10.0.10,,,443,40826,0,1358,17
1584694063.623523,173.194.163.76,10.10.0.10,,,443,40826,0,1358,17
1584694063.630075,173.194.163.76,10.10.0.10,,,443,40826,0,1358,17
1584694063.636625,173.194.163.76,10.10.0.10,,,443,40826,0,1358,17
1584694063.6395812,10.10.0.10,173.194.163.76,,,40826,443,0,37,17
1584694063.64031,10.10.0.10,173.194.163.76,,,40826,443,0,37,17
1584694063.643178,173.194.163.76,10.10.0.10,,,443,40826,0,1358,17
1584694063.6446831,10.10.0.10,173.194.163.76,,,40826,443,0,37,17
1584694063.649732,173.194.163.76,10.10.0.10,,,443,40826,0,1358,17
1584694063.6562755,173.194.163.76,10.10.0.10,,,443,40826,0,1358,17
1584694063.657954,10.10.0.10,173.194.163.76,,,40826,443,0,37,17
1584694063.6628282,173.194.163.76,10.10.0.10,,,443,40826,0,1358,17
1584694063.6693802,173.194.163.76,10.10.0.10,,,443,40826,0,1358,17
1584694063.6710598,10.10.0.10,173.194.163.76,,,40826,443,0,37,17
1584694063.6759384,173.194.163.76,10.10.0.10,,,443,40826,0,1358,17
1584694063.68248,173.194.163.76,10.10.0.10,,,443,40826,0,1358,17
1584694063.684202,10.10.0.10,173.194.163.76,,,40826,443,0,37,17
1584694063.6890428,173.194.163.76,10.10.0.10,,,443,40826,0,1358,17
1584694063.695602,173.194.163.76,10.10.0.10,,,443,40826,0,1358,17
1584694063.6973069,10.10.0.10,173.194.163.76,,,40826,443,0,37,17
1584694063.7021296,173.194.163.76,10.10.0.10,,,443,40826,0,1358,17
1584694063.7086804,173.194.163.76,10.10.0.10,,,443,40826,0,1358,17
1584694063.7152278,173.194.163.76,10.10.0.10,,,443,40826,0,1358,17
1584694063.7217894,173.194.163.76,10.10.0.10,,,443,40826,0,1358,17
1584694063.728352,173.194.163.76,10.10.0.10,,,443,40826,0,1358,17
1584694063.73489,173.194.163.76,10.10.0.10,,,443,40826,0,1358,17
1584694063.736579,10.10.0.10,173.194.163.76,,,40826,443,0,37,17
1584694063.737586,10.10.0.10,173.194.163.76,,,40826,443,0,37,17
1584694063.738183,10.10.0.10,173.194.163.76,,,40826,443,0,37,17
1584694063.74143,173.194.163.76,10.10.0.10,,,443,40826,0,1358,17
1584694063.7479901,173.194.163.76,10.10.0.10,,,443,40826,0,1358,17
1584694063.749827,10.10.0.10,173.194.163.76,,,40826,443,0,37,17
1584694063.7545388,173.194.163.76,10.10.0.10,,,443,40826,0,1358,17
1584694063.7611036,173.194.163.76,10.10.0.10,,,443,40826,0,1358,17
1584694063.762697,10.10.0.10,173.194.163.76,,,40826,443,0,50,17
1584694063.7676358,173.194.163.76,10.10.0.10,,,443,40826,0,1358,17
1584694063.774188,173.194.163.76,10.10.0.10,,,443,40826,0,1358,17
1584694063.776206,10.10.0.10,173.194.163.76,,,40826,443,0,37,17
1584694063.7807386,173.194.163.76,10.10.0.10,,,443,40826,0,1358,17
1584694063.787283,173.194.163.76,10.10.0.10,,,443,40826,0,1358,17
1584694063.789078,10.10.0.10,173.194.163.76,,,40826,443,0,37,17
1584694063.793854,173.194.163.76,10.10.0.10,,,443,40826,0,1358,17
1584694063.80039,173.194.163.76,10.10.0.10,,,443,40826,0,1358,17
1584694063.8030784,10.10.0.10,173.194.163.76,,,40826,443,0,37,17
1584694063.80694,173.194.163.76,10.10.0.10,,,443,40826,0,1358,17
1584694063.8134918,173.194.163.76,10.10.0.10,,,443,40826,0,29,17
1584694063.813778,173.194.163.76,10.10.0.10,,,443,40826,0,1358,17
1584694063.8203351,173.194.163.76,10.10.0.10,,,443,40826,0,1358,17
1584694063.826888,173.194.163.76,10.10.0.10,,,443,40826,0,1358,17
1584694063.833439,173.194.163.76,10.10.0.10,,,443,40826,0,1358,17
1584694063.839991,173.194.163.76,10.10.0.10,,,443,40826,0,1358,17
1584694063.8437068,10.10.0.10,173.194.163.76,,,40826,443,0,37,17
1584694063.844208,10.10.0.10,173.194.163.76,,,40826,443,0,37,17
1584694063.8464286,10.10.0.10,173.194.163.76,,,40826,443,0,37,17
1584694063.8465412,173.194.163.76,10.10.0.10,,,443,40826,0,1358,17
1584694063.848057,10.10.0.10,173.194.163.76,,,40826,443,0,37,17
1584694063.8531,173.194.163.76,10.10.0.10,,,443,40826,0,1358,17
1584694063.859642,173.194.163.76,10.10.0.10,,,443,40826,0,1358,17
1584694063.8630712,10.10.0.10,173.194.163.76,,,40826,443,0,37,17
1584694063.8661911,173.194.163.76,10.10.0.10,,,443,40826,0,1358,17
1584694063.8727422,173.194.163.76,10.10.0.10,,,443,40826,0,1358,17
1584694063.874321,10.10.0.10,173.194.163.76,,,40826,443,0,37,17
1584694063.8792932,173.194.163.76,10.10.0.10,,,443,40826,0,1358,17
1584694063.885849,173.194.163.76,10.10.0.10,,,443,40826,0,1358,17
1584694063.887321,10.10.0.10,173.194.163.76,,,40826,443,0,37,17
1584694063.8923938,173.194.163.76,10.10.0.10,,,443,40826,0,1358,17
1584694063.898943,173.194.163.76,10.10.0.10,,,443,40826,0,1358,17
1584694063.900572,10.10.0.10,173.194.163.76,,,40826,443,0,37,17
1584694063.905494,173.194.163.76,10.10.0.10,,,443,40826,0,1358,17
1584694063.9120462,173.194.163.76,10.10.0.10,,,443,40826,0,1358,17
1584694063.9185958,173.194.163.76,10.10.0.10,,,443,40826,0,1358,17
1584694063.92516,173.194.163.76,10.10.0.10,,,443,40826,0,1358,17
1584694063.9316998,173.194.163.76,10.10.0.10,,,443,40826,0,1358,17
1584694063.9382381,173.194.163.76,10.10.0.10,,,443,40826,0,1358,17
1584694063.942038,10.10.0.10,173.194.163.76,,,40826,443,0,37,17
1584694063.943785,10.10.0.10,173.194.163.76,,,40826,443,0,37,17
1584694063.944795,173.194.163.76,10.10.0.10,,,443,40826,0,1358,17
1584694063.944804,10.10.0.10,173.194.163.76,,,40826,443,0,37,17
1584694063.951345,173.194.163.76,10.10.0.10,,,443,40826,0,1358,17
1584694063.9528089,10.10.0.10,173.194.163.76,,,40826,443,0,37,17
1584694063.957892,173.194.163.76,10.10.0.10,,,443,40826,0,1358,17
1584694063.9644508,173.194.163.76,10.10.0.10,,,443,40826,0,1358,17
1584694063.966034,10.10.0.10,173.194.163.76,,,40826,443,0,37,17
1584694063.970995,173.194.163.76,10.10.0.10,,,443,40826,0,1358,17
1584694063.9775429,173.194.163.76,10.10.0.10,,,443,40826,0,1358,17
1584694063.980524,10.10.0.10,173.194.163.76,,,40826,443,0,37,17
1584694063.984096,173.194.163.76,10.10.0.10,,,443,40826,0,1358,17
1584694063.9906561,173.194.163.76,10.10.0.10,,,443,40826,0,1358,17
1584694063.9921858,10.10.0.10,173.194.163.76,,,40826,443,0,37,17
1584694063.9972,173.194.163.76,10.10.0.10,,,443,40826,0,1358,17
1584694064.00375,173.194.163.76,10.10.0.10,,,443,40826,0,1358,17
1584694064.009407,10.10.0.10,173.194.163.76,,,40826,443,0,37,17
1584694064.010302,173.194.163.76,10.10.0.10,,,443,40826,0,1358,17
1584694064.016851,173.194.163.76,10.10.0.10,,,443,40826,0,1358,17
1584694064.023406,173.194.163.76,10.10.0.10,,,443,40826,0,1358,17
1584694064.029969,173.194.163.76,10.10.0.10,,,443,40826,0,1358,17
1584694064.036515,173.194.163.76,10.10.0.10,,,443,40826,0,1358,17
1584694064.043058,173.194.163.76,10.10.0.10,,,443,40826,0,1358,17
1584694064.047446,10.10.0.10,173.194.163.76,,,40826,443,0,50,17
1584694064.049608,173.194.163.76,10.10.0.10,,,443,40826,0,1358,17
1584694064.0512998,10.10.0.10,173.194.163.76,,,40826,443,0,37,17
1584694064.0523012,10.10.0.10,173.194.163.76,,,40826,443,0,37,17
1584694064.0532932,10.10.0.10,173.194.163.76,,,40826,443,0,37,17
1584694064.056157,173.194.163.76,10.10.0.10,,,443,40826,0,1358,17
1584694064.062707,173.194.163.76,10.10.0.10,,,443,40826,0,1358,17
1584694064.0642724,10.10.0.10,173.194.163.76,,,40826,443,0,37,17
1584694064.069262,173.194.163.76,10.10.0.10,,,443,40826,0,1358,17
1584694064.0758018,173.194.163.76,10.10.0.10,,,443,40826,0,1358,17
1584694064.077545,10.10.0.10,173.194.163.76,,,40826,443,0,37,17
1584694064.0823548,173.194.163.76,10.10.0.10,,,443,40826,0,1358,17
1584694064.0889132,173.194.163.76,10.10.0.10,,,443,40826,0,1358,17
1584694064.090539,10.10.0.10,173.194.163.76,,,40826,443,0,37,17
1584694064.095457,173.194.163.76,10.10.0.10,,,443,40826,0,1358,17
1584694064.1020072,173.194.163.76,10.10.0.10,,,443,40826,0,1358,17
1584694064.10367,10.10.0.10,173.194.163.76,,,40826,443,0,37,17
1584694064.108577,173.194.163.76,10.10.0.10,,,443,40826,0,1358,17
1584694064.1151078,173.194.163.76,10.10.0.10,,,443,40826,0,1358,17
1584694064.1216602,173.194.163.76,10.10.0.10,,,443,40826,0,632,17
1584694064.124795,173.194.163.76,10.10.0.10,,,443,40826,0,1358,17
1584694064.131346,173.194.163.76,10.10.0.10,,,443,40826,0,1358,17
1584694064.137903,173.194.163.76,10.10.0.10,,,443,40826,0,1358,17
1584694064.144448,173.194.163.76,10.10.0.10,,,443,40826,0,1358,17
1584694064.146567,10.10.0.10,173.194.163.76,,,40826,443,0,37,17
1584694064.147049,10.10.0.10,173.194.163.76,,,40826,443,0,37,17
1584694064.149442,10.10.0.10,173.194.163.76,,,40826,443,0,37,17
1584694064.1509955,173.194.163.76,10.10.0.10,,,443,40826,0,1358,17
1584694064.152545,10.10.0.10,173.194.163.76,,,40826,443,0,37,17
1584694064.1575482,173.194.163.76,10.10.0.10,,,443,40826,0,1358,17
1584694064.164097,173.194.163.76,10.10.0.10,,,443,40826,0,1358,17
1584694064.1661882,10.10.0.10,173.194.163.76,,,40826,443,0,37,17
1584694064.170651,173.194.163.76,10.10.0.10,,,443,40826,0,1358,17
1584694064.177216,173.194.163.76,10.10.0.10,,,443,40826,0,1358,17
1584694064.178918,10.10.0.10,173.194.163.76,,,40826,443,0,37,17
1584694064.183754,173.194.163.76,10.10.0.10,,,443,40826,0,1358,17
1584694064.1903012,173.194.163.76,10.10.0.10,,,443,40826,0,1358,17
1584694064.1917946,10.10.0.10,173.194.163.76,,,40826,443,0,37,17
1584694064.1968498,173.194.163.76,10.10.0.10,,,443,40826,0,1358,17
1584694064.2034054,173.194.163.76,10.10.0.10,,,443,40826,0,1358,17
1584694064.2049189,10.10.0.10,173.194.163.76,,,40826,443,0,37,17
1584694064.2099662,173.194.163.76,10.10.0.10,,,443,40826,0,1358,17
1584694064.21651,173.194.163.76,10.10.0.10,,,443,40826,0,1358,17
1584694064.217922,10.10.0.10,173.194.163.76,,,40826,443,0,37,17
1584694064.223058,173.194.163.76,10.10.0.10,,,443,40826,0,1358,17
1584694064.229608,173.194.163.76,10.10.0.10,,,443,40826,0,1358,17
1584694064.236159,173.194.163.76,10.10.0.10,,,443,40826,0,1358,17
1584694064.2427151,173.194.163.76,10.10.0.10,,,443,40826,0,1358,17
1584694064.2492769,173.194.163.76,10.10.0.10,,,443,40826,0,1358,17
1584694064.254041,10.10.0.10,173.194.163.76,,,40826,443,0,37,17
1584694064.2545464,10.10.0.10,173.194.163.76,,,40826,443,0,37,17
1584694064.255809,173.194.163.76,10.10.0.10,,,443,40826,0,1358,17
1584694064.2572908,10.10.0.10,173.194.163.76,,,40826,443,0,37,17
1584694064.262361,173.194.163.76,10.10.0.10,,,443,40826,0,1358,17
1584694064.2689116,173.194.163.76,10.10.0.10,,,443,40826,0,1358,17
1584694064.2711706,10.10.0.10,173.194.163.76,,,40826,443,0,50,17
1584694064.275463,173.194.163.76,10.10.0.10,,,443,40826,0,1358,17
1584694064.282023,173.194.163.76,10.10.0.10,,,443,40826,0,1358,17
1584694064.2839286,10.10.0.10,173.194.163.76,,,40826,443,0,37,17
1584694064.288588,173.194.163.76,10.10.0.10,,,443,40826,0,1358,17
1584694064.295109,173.194.163.76,10.10.0.10,,,443,40826,0,1358,17
1584694064.2985609,10.10.0.10,173.194.163.76,,,40826,443,0,37,17
1584694064.3016589,173.194.163.76,10.10.0.10,,,443,40826,0,1358,17
1584694064.3082132,173.194.163.76,10.10.0.10,,,443,40826,0,1358,17
1584694064.311167,10.10.0.10,173.194.163.76,,,40826,443,0,37,17
1584694064.3147652,173.194.163.76,10.10.0.10,,,443,40826,0,1358,17
1584694064.321335,173.194.163.76,10.10.0.10,,,443,40826,0,29,17
1584694064.321627,173.194.163.76,10.10.0.10,,,443,40826,0,1358,17
1584694064.3281634,173.194.163.76,10.10.0.10,,,443,40826,0,1358,17
1584694064.3347216,173.194.163.76,10.10.0.10,,,443,40826,0,1358,17
1584694064.341273,173.194.163.76,10.10.0.10,,,443,40826,0,1358,17
1584694064.3478339,173.194.163.76,10.10.0.10,,,443,40826,0,1358,17
1584694064.349794,10.10.0.10,173.194.163.76,,,40826,443,0,37,17
1584694064.35282,10.10.0.10,173.194.163.76,,,40826,443,0,37,17
1584694064.3528461,10.10.0.10,173.194.163.76,,,40826,443,0,37,17
1584694064.354366,173.194.163.76,10.10.0.10,,,443,40826,0,1358,17
1584694064.355951,10.10.0.10,173.194.163.76,,,40826,443,0,37,17
1584694064.360916,173.194.163.76,10.10.0.10,,,443,40826,0,1358,17
1584694064.367466,173.194.163.76,10.10.0.10,,,443,40826,0,1358,17
1584694064.368757,10.10.0.10,173.194.163.76,,,40826,443,0,37,17
1584694064.374021,173.194.163.76,10.10.0.10,,,443,40826,0,1358,17
1584694064.380583,173.194.163.76,10.10.0.10,,,443,40826,0,1358,17
1584694064.3820071,10.10.0.10,173.194.163.76,,,40826,443,0,37,17
1584694064.3871179,173.194.163.76,10.10.0.10,,,443,40826,0,1358,17
1584694064.3936696,173.194.163.76,10.10.0.10,,,443,40826,0,1358,17
1584694064.395306,10.10.0.10,173.194.163.76,,,40826,443,0,37,17
1584694064.4002204,173.194.163.76,10.10.0.10,,,443,40826,0,1358,17
1584694064.40677,173.194.163.76,10.10.0.10,,,443,40826,0,1358,17
1584694064.408299,10.10.0.10,173.194.163.76,,,40826,443,0,37,17
1584694064.4133348,173.194.163.76,10.10.0.10,,,443,40826,0,1358,17
1584694064.419873,173.194.163.76,10.10.0.10,,,443,40826,0,1358,17
1584694064.422056,10.10.0.10,173.194.163.76,,,40826,443,0,37,17
1584694064.426422,173.194.163.76,10.10.0.10,,,443,40826,0,1358,17
1584694064.432975,173.194.163.76,10.10.0.10,,,443,40826,0,1358,17
1584694064.439524,173.194.163.76,10.10.0.10,,,443,40826,0,1358,17
1584694064.4460702,173.194.163.76,10.10.0.10,,,443,40826,0,1358,17
1584694064.4526231,173.194.163.76,10.10.0.10,,,443,40826,0,1358,17
1584694064.458786,10.10.0.10,173.194.163.76,,,40826,443,0,37,17
1584694064.4591708,173.194.163.76,10.10.0.10,,,443,40826,0,1358,17
1584694064.460161,10.10.0.10,173.194.163.76,,,40826,443,0,37,17
1584694064.460535,10.10.0.10,173.194.163.76,,,40826,443,0,37,17
1584694064.465726,173.194.163.76,10.10.0.10,,,443,40826,0,1358,17
1584694064.4722722,173.194.163.76,10.10.0.10,,,443,40826,0,1358,17
1584694064.4740536,10.10.0.10,173.194.163.76,,,40826,443,0,37,17
1584694064.478833,173.194.163.76,10.10.0.10,,,443,40826,0,1358,17
1584694064.485394,173.194.163.76,10.10.0.10,,,443,40826,0,1358,17
1584694064.487056,10.10.0.10,173.194.163.76,,,40826,443,0,37,17
1584694064.491931,173.194.163.76,10.10.0.10,,,443,40826,0,1358,17
1584694064.49848,173.194.163.76,10.10.0.10,,,443,40826,0,1358,17
1584694064.500275,10.10.0.10,173.194.163.76,,,40826,443,0,37,17
1584694064.505032,173.194.163.76,10.10.0.10,,,443,40826,0,1358,17
1584694064.511583,173.194.163.76,10.10.0.10,,,443,40826,0,1358,17
1584694064.5134099,10.10.0.10,173.194.163.76,,,40826,443,0,37,17
1584694064.518141,173.194.163.76,10.10.0.10,,,443,40826,0,1358,17
1584694064.5247009,173.194.163.76,10.10.0.10,,,443,40826,0,1358,17
1584694064.5264099,10.10.0.10,173.194.163.76,,,40826,443,0,50,17
1584694064.531233,173.194.163.76,10.10.0.10,,,443,40826,0,1358,17
1584694064.5377831,173.194.163.76,10.10.0.10,,,443,40826,0,1358,17
1584694064.544341,173.194.163.76,10.10.0.10,,,443,40826,0,1358,17
1584694064.5455348,10.10.0.10,173.194.163.76,,,40826,443,0,37,17
1584694064.550879,173.194.163.76,10.10.0.10,,,443,40826,0,1358,17
1584694064.552408,10.10.0.10,173.194.163.76,,,40826,443,0,37,17
1584694064.5574508,173.194.163.76,10.10.0.10,,,443,40826,0,1358,17
1584694064.563983,173.194.163.76,10.10.0.10,,,443,40826,0,1358,17
1584694064.565552,10.10.0.10,173.194.163.76,,,40826,443,0,37,17
1584694064.570536,173.194.163.76,10.10.0.10,,,443,40826,0,1358,17
1584694064.577086,173.194.163.76,10.10.0.10,,,443,40826,0,29,17
1584694064.577375,173.194.163.76,10.10.0.10,,,443,40826,0,1358,17
1584694064.5792818,10.10.0.10,173.194.163.76,,,40826,443,0,37,17
1584694064.583958,173.194.163.76,10.10.0.10,,,443,40826,0,1358,17
1584694064.590483,173.194.163.76,10.10.0.10,,,443,40826,0,1358,17
1584694064.5970366,173.194.163.76,10.10.0.10,,,443,40826,0,1358,17
1584694064.603584,173.194.163.76,10.10.0.10,,,443,40826,0,1358,17
1584694064.6101394,173.194.163.76,10.10.0.10,,,443,40826,0,1358,17
1584694064.6167011,173.194.163.76,10.10.0.10,,,443,40826,0,1358,17
1584694064.623235,173.194.163.76,10.10.0.10,,,443,40826,0,1358,17
1584694064.6258,10.10.0.10,173.194.163.76,,,40826,443,0,37,17
1584694064.625826,10.10.0.10,173.194.163.76,,,40826,443,0,37,17
1584694064.6285405,10.10.0.10,173.194.163.76,,,40826,443,0,37,17
1584694064.629787,173.194.163.76,10.10.0.10,,,443,40826,0,1358,17
1584694064.6312995,10.10.0.10,173.194.163.76,,,40826,443,0,37,17
1584694064.6363368,173.194.163.76,10.10.0.10,,,443,40826,0,1358,17
1584694064.642889,173.194.163.76,10.10.0.10,,,443,40826,0,1358,17
1584694064.6445572,10.10.0.10,173.194.163.76,,,40826,443,0,37,17
1584694064.6494534,173.194.163.76,10.10.0.10,,,443,40826,0,1358,17
1584694064.6559875,173.194.163.76,10.10.0.10,,,443,40826,0,1358,17
1584694064.657683,10.10.0.10,173.194.163.76,,,40826,443,0,37,17
1584694064.662542,173.194.163.76,10.10.0.10,,,443,40826,0,1358,17
1584694064.669089,173.194.163.76,10.10.0.10,,,443,40826,0,1358,17
1584694064.670801,10.10.0.10,173.194.163.76,,,40826,443,0,37,17
1584694064.675643,173.194.163.76,10.10.0.10,,,443,40826,0,1358,17
1584694064.6822019,173.194.163.76,10.10.0.10,,,443,40826,0,1358,17
1584694064.6837788,10.10.0.10,173.194.163.76,,,40826,443,0,37,17
1584694064.6887422,173.194.163.76,10.10.0.10,,,443,40826,0,1358,17
1584694064.6952882,173.194.163.76,10.10.0.10,,,443,40826,0,1358,17
1584694064.697404,10.10.0.10,173.194.163.76,,,40826,443,0,37,17
1584694064.7018428,173.194.163.76,10.10.0.10,,,443,40826,0,1358,17
1584694064.7083938,173.194.163.76,10.10.0.10,,,443,40826,0,1358,17
1584694064.7101731,10.10.0.10,173.194.163.76,,,40826,443,0,37,17
1584694064.714951,173.194.163.76,10.10.0.10,,,443,40826,0,1358,17
1584694064.721514,173.194.163.76,10.10.0.10,,,443,40826,0,1358,17
1584694064.72605,10.10.0.10,173.194.163.76,,,40826,443,0,37,17
1584694064.728048,173.194.163.76,10.10.0.10,,,443,40826,0,1358,17
1584694064.7345972,173.194.163.76,10.10.0.10,,,443,40826,0,1358,17
1584694064.7362769,10.10.0.10,173.194.163.76,,,40826,443,0,37,17
1584694064.7411466,173.194.163.76,10.10.0.10,,,443,40826,0,1358,17
1584694064.7476995,173.194.163.76,10.10.0.10,,,443,40826,0,1358,17
1584694064.7494018,10.10.0.10,173.194.163.76,,,40826,443,0,37,17
1584694064.754265,173.194.163.76,10.10.0.10,,,443,40826,0,1358,17
1584694064.760822,173.194.163.76,10.10.0.10,,,443,40826,0,1358,17
1584694064.767349,173.194.163.76,10.10.0.10,,,443,40826,0,1358,17
1584694064.7739005,173.194.163.76,10.10.0.10,,,443,40826,0,1358,17
1584694064.7804532,173.194.163.76,10.10.0.10,,,443,40826,0,1358,17
1584694064.786421,10.10.0.10,173.194.163.76,,,40826,443,0,37,17
1584694064.78701,173.194.163.76,10.10.0.10,,,443,40826,0,1358,17
1584694064.7874231,10.10.0.10,173.194.163.76,,,40826,443,0,37,17
1584694064.788776,10.10.0.10,173.194.163.76,,,40826,443,0,50,17
1584694064.7935722,173.194.163.76,10.10.0.10,,,443,40826,0,1358,17
1584694064.800104,173.194.163.76,10.10.0.10,,,443,40826,0,1358,17
1584694064.801776,10.10.0.10,173.194.163.76,,,40826,443,0,37,17
1584694064.806652,173.194.163.76,10.10.0.10,,,443,40826,0,1358,17
1584694064.8132026,173.194.163.76,10.10.0.10,,,443,40826,0,1358,17
1584694064.8146524,10.10.0.10,173.194.163.76,,,40826,443,0,37,17
1584694064.8197598,173.194.163.76,10.10.0.10,,,443,40826,0,1358,17
1584694064.8263214,173.194.163.76,10.10.0.10,,,443,40826,0,1358,17
1584694064.8296704,10.10.0.10,173.194.163.76,,,40826,443,0,37,17
1584694064.8328578,173.194.163.76,10.10.0.10,,,443,40826,0,1358,17
1584694064.839405,173.194.163.76,10.10.0.10,,,443,40826,0,29,17
1584694064.839695,173.194.163.76,10.10.0.10,,,443,40826,0,1358,17
1584694064.841016,10.10.0.10,173.194.163.76,,,40826,443,0,37,17
1584694064.846257,173.194.163.76,10.10.0.10,,,443,40826,0,1358,17
1584694064.85282,173.194.163.76,10.10.0.10,,,443,40826,0,1358,17
1584694064.854266,10.10.0.10,173.194.163.76,,,40826,443,0,37,17
1584694064.859355,173.194.163.76,10.10.0.10,,,443,40826,0,1358,17
1584694064.865906,173.194.163.76,10.10.0.10,,,443,40826,0,1358,17
1584694064.867398,10.10.0.10,173.194.163.76,,,40826,443,0,37,17
1584694064.8724554,173.194.163.76,10.10.0.10,,,443,40826,0,1358,17
1584694064.879007,173.194.163.76,10.10.0.10,,,443,40826,0,1358,17
1584694064.8807938,10.10.0.10,173.194.163.76,,,40826,443,0,37,17
1584694064.885568,173.194.163.76,10.10.0.10,,,443,40826,0,1358,17
1584694064.892102,173.194.163.76,10.10.0.10,,,443,40826,0,1358,17
1584694064.893918,10.10.0.10,173.194.163.76,,,40826,443,0,37,17
1584694064.8986568,173.194.163.76,10.10.0.10,,,443,40826,0,1358,17
1584694064.905209,173.194.163.76,10.10.0.10,,,443,40826,0,1358,17
1584694064.906897,10.10.0.10,173.194.163.76,,,40826,443,0,37,17
1584694064.9117632,173.194.163.76,10.10.0.10,,,443,40826,0,1358,17
1584694064.91832,173.194.163.76,10.10.0.10,,,443,40826,0,1358,17
1584694064.924862,173.194.163.76,10.10.0.10,,,443,40826,0,1358,17
1584694064.9314132,173.194.163.76,10.10.0.10,,,443,40826,0,1358,17
1584694064.93796,173.194.163.76,10.10.0.10,,,443,40826,0,1358,17
1584694064.944508,173.194.163.76,10.10.0.10,,,443,40826,0,1358,17
1584694064.948262,10.10.0.10,173.194.163.76,,,40826,443,0,37,17
1584694064.951062,173.194.163.76,10.10.0.10,,,443,40826,0,1358,17
1584694064.9526231,10.10.0.10,173.194.163.76,,,40826,443,0,37,17
1584694064.9541242,10.10.0.10,173.194.163.76,,,40826,443,0,37,17
1584694064.954518,10.10.0.10,173.194.163.76,,,40826,443,0,37,17
1584694064.957619,173.194.163.76,10.10.0.10,,,443,40826,0,1358,17
1584694064.9641552,173.194.163.76,10.10.0.10,,,443,40826,0,1358,17
1584694064.965607,10.10.0.10,173.194.163.76,,,40826,443,0,37,17
1584694064.970708,173.194.163.76,10.10.0.10,,,443,40826,0,1358,17
1584694064.977257,173.194.163.76,10.10.0.10,,,443,40826,0,1358,17
1584694064.979127,10.10.0.10,173.194.163.76,,,40826,443,0,37,17
1584694064.983809,173.194.163.76,10.10.0.10,,,443,40826,0,1358,17
1584694064.990362,173.194.163.76,10.10.0.10,,,443,40826,0,1358,17
1584694064.991912,10.10.0.10,173.194.163.76,,,40826,443,0,37,17
1584694064.9969196,173.194.163.76,10.10.0.10,,,443,40826,0,1358,17
1584694065.003464,173.194.163.76,10.10.0.10,,,443,40826,0,1358,17
1584694065.004857,10.10.0.10,173.194.163.76,,,40826,443,0,37,17
1584694065.010015,173.194.163.76,10.10.0.10,,,443,40826,0,1358,17
1584694065.0165632,173.194.163.76,10.10.0.10,,,443,40826,0,1358,17
1584694065.01879,10.10.0.10,173.194.163.76,,,40826,443,0,37,17
1584694065.023113,173.194.163.76,10.10.0.10,,,443,40826,0,1358,17
1584694065.0296938,173.194.163.76,10.10.0.10,,,443,40826,0,1358,17
1584694065.032182,10.10.0.10,173.194.163.76,,,40826,443,0,37,17
1584694065.036219,173.194.163.76,10.10.0.10,,,443,40826,0,1358,17
1584694065.04277,173.194.163.76,10.10.0.10,,,443,40826,0,1358,17
1584694065.044671,10.10.0.10,173.194.163.76,,,40826,443,0,50,17
1584694065.049625,173.194.163.76,10.10.0.10,,,443,40826,0,1358,17
1584694065.0561779,173.194.163.76,10.10.0.10,,,443,40826,0,1358,17
1584694065.057751,10.10.0.10,173.194.163.76,,,40826,443,0,37,17
1584694065.062736,173.194.163.76,10.10.0.10,,,443,40826,0,1358,17
1584694065.069277,173.194.163.76,10.10.0.10,,,443,40826,0,1358,17
1584694065.071395,10.10.0.10,173.194.163.76,,,40826,443,0,37,17
1584694065.075827,173.194.163.76,10.10.0.10,,,443,40826,0,1358,17
1584694065.0823786,173.194.163.76,10.10.0.10,,,443,40826,0,1358,17
1584694065.0889301,173.194.163.76,10.10.0.10,,,443,40826,0,1358,17
1584694065.0954828,173.194.163.76,10.10.0.10,,,443,40826,0,1358,17
1584694065.1020482,173.194.163.76,10.10.0.10,,,443,40826,0,29,17
1584694065.1023252,173.194.163.76,10.10.0.10,,,443,40826,0,1358,17
1584694065.10888,173.194.163.76,10.10.0.10,,,443,40826,0,1358,17
1584694065.1135206,10.10.0.10,173.194.163.76,,,40826,443,0,37,17
1584694065.114396,10.10.0.10,173.194.163.76,,,40826,443,0,37,17
1584694065.115433,173.194.163.76,10.10.0.10,,,443,40826,0,1358,17
1584694065.115489,10.10.0.10,173.194.163.76,,,40826,443,0,37,17
1584694065.1220028,173.194.163.76,10.10.0.10,,,443,40826,0,1358,17
1584694065.123642,10.10.0.10,173.194.163.76,,,40826,443,0,37,17
1584694065.128546,173.194.163.76,10.10.0.10,,,443,40826,0,1358,17
1584694065.135081,173.194.163.76,10.10.0.10,,,443,40826,0,1358,17
1584694065.1371224,10.10.0.10,173.194.163.76,,,40826,443,0,37,17
1584694065.141633,173.194.163.76,10.10.0.10,,,443,40826,0,1358,17
1584694065.1481822,173.194.163.76,10.10.0.10,,,443,40826,0,1358,17
1584694065.1507661,10.10.0.10,173.194.163.76,,,40826,443,0,37,17
1584694065.1547332,173.194.163.76,10.10.0.10,,,443,40826,0,1358,17
1584694065.161309,173.194.163.76,10.10.0.10,,,443,40826,0,1358,17
1584694065.163136,10.10.0.10,173.194.163.76,,,40826,443,0,37,17
1584694065.16784,173.194.163.76,10.10.0.10,,,443,40826,0,1358,17
1584694065.17439,173.194.163.76,10.10.0.10,,,443,40826,0,1358,17
1584694065.1763902,10.10.0.10,173.194.163.76,,,40826,443,0,37,17
1584694065.180941,173.194.163.76,10.10.0.10,,,443,40826,0,1358,17
1584694065.1874864,173.194.163.76,10.10.0.10,,,443,40826,0,1358,17
1584694065.189162,10.10.0.10,173.194.163.76,,,40826,443,0,37,17
1584694065.1940358,173.194.163.76,10.10.0.10,,,443,40826,0,1358,17
1584694065.2005901,173.194.163.76,10.10.0.10,,,443,40826,0,1358,17
1584694065.202014,10.10.0.10,173.194.163.76,,,40826,443,0,37,17
1584694065.2071388,173.194.163.76,10.10.0.10,,,443,40826,0,1358,17
1584694065.2136939,173.194.163.76,10.10.0.10,,,443,40826,0,1358,17
1584694065.2156658,10.10.0.10,173.194.163.76,,,40826,443,0,37,17
1584694065.220238,173.194.163.76,10.10.0.10,,,443,40826,0,1358,17
1584694065.226812,173.194.163.76,10.10.0.10,,,443,40826,0,1358,17
1584694065.229415,10.10.0.10,173.194.163.76,,,40826,443,0,37,17
1584694065.233345,173.194.163.76,10.10.0.10,,,443,40826,0,1358,17
1584694065.2398946,173.194.163.76,10.10.0.10,,,443,40826,0,1358,17
1584694065.241513,10.10.0.10,173.194.163.76,,,40826,443,0,37,17
1584694065.2464454,173.194.163.76,10.10.0.10,,,443,40826,0,1358,17
1584694065.2529998,173.194.163.76,10.10.0.10,,,443,40826,0,1358,17
1584694065.2595608,173.194.163.76,10.10.0.10,,,443,40826,0,1358,17
1584694065.266098,173.194.163.76,10.10.0.10,,,443,40826,0,1358,17
1584694065.272648,173.194.163.76,10.10.0.10,,,443,40826,0,1358,17
1584694065.277889,10.10.0.10,173.194.163.76,,,40826,443,0,37,17
1584694065.278658,10.10.0.10,173.194.163.76,,,40826,443,0,37,17
1584694065.2791982,173.194.163.76,10.10.0.10,,,443,40826,0,1358,17
1584694065.280637,10.10.0.10,173.194.163.76,,,40826,443,0,37,17
1584694065.2857502,173.194.163.76,10.10.0.10,,,443,40826,0,1358,17
1584694065.292311,173.194.163.76,10.10.0.10,,,443,40826,0,1358,17
1584694065.294033,10.10.0.10,173.194.163.76,,,40826,443,0,37,17
1584694065.2988498,173.194.163.76,10.10.0.10,,,443,40826,0,1358,17
1584694065.3054,173.194.163.76,10.10.0.10,,,443,40826,0,1358,17
1584694065.3074071,10.10.0.10,173.194.163.76,,,40826,443,0,50,17
1584694065.311955,173.194.163.76,10.10.0.10,,,443,40826,0,1358,17
1584694065.3185036,173.194.163.76,10.10.0.10,,,443,40826,0,1358,17
1584694065.320261,10.10.0.10,173.194.163.76,,,40826,443,0,37,17
1584694065.325059,173.194.163.76,10.10.0.10,,,443,40826,0,1358,17
1584694065.3316195,173.194.163.76,10.10.0.10,,,443,40826,0,1358,17
1584694065.3335106,10.10.0.10,173.194.163.76,,,40826,443,0,37,17
1584694065.338153,173.194.163.76,10.10.0.10,,,443,40826,0,1358,17
1584694065.344703,173.194.163.76,10.10.0.10,,,443,40826,0,1358,17
1584694065.3466349,10.10.0.10,173.194.163.76,,,40826,443,0,37,17
1584694065.3512561,173.194.163.76,10.10.0.10,,,443,40826,0,1358,17
1584694065.357808,173.194.163.76,10.10.0.10,,,443,40826,0,29,17
1584694065.358095,173.194.163.76,10.10.0.10,,,443,40826,0,1358,17
1584694065.3602598,10.10.0.10,173.194.163.76,,,40826,443,0,37,17
1584694065.364656,173.194.163.76,10.10.0.10,,,443,40826,0,1358,17
1584694065.371204,173.194.163.76,10.10.0.10,,,443,40826,0,1358,17
1584694065.37278,10.10.0.10,173.194.163.76,,,40826,443,0,37,17
1584694065.377754,173.194.163.76,10.10.0.10,,,443,40826,0,1358,17
1584694065.384308,173.194.163.76,10.10.0.10,,,443,40826,0,1358,17
1584694065.385884,10.10.0.10,173.194.163.76,,,40826,443,0,37,17
1584694065.390868,173.194.163.76,10.10.0.10,,,443,40826,0,1358,17
1584694065.3974042,173.194.163.76,10.10.0.10,,,443,40826,0,1358,17
1584694065.399014,10.10.0.10,173.194.163.76,,,40826,443,0,37,17
1584694065.403959,173.194.163.76,10.10.0.10,,,443,40826,0,1358,17
1584694065.410506,173.194.163.76,10.10.0.10,,,443,40826,0,1358,17
1584694065.417056,173.194.163.76,10.10.0.10,,,443,40826,0,1358,17
1584694065.423616,173.194.163.76,10.10.0.10,,,443,40826,0,1358,17
1584694065.430178,173.194.163.76,10.10.0.10,,,443,40826,0,1358,17
1584694065.4367092,173.194.163.76,10.10.0.10,,,443,40826,0,1358,17
1584694065.4431539,10.10.0.10,173.194.163.76,,,40826,443,0,37,17
1584694065.443264,173.194.163.76,10.10.0.10,,,443,40826,0,1358,17
1584694065.449811,173.194.163.76,10.10.0.10,,,443,40826,0,1358,17
1584694065.455978,10.10.0.10,173.194.163.76,,,40826,443,0,37,17
1584694065.4563556,173.194.163.76,10.10.0.10,,,443,40826,0,1358,17
1584694065.4585102,10.10.0.10,173.194.163.76,,,40826,443,0,37,17
1584694065.458536,10.10.0.10,173.194.163.76,,,40826,443,0,37,17
1584694065.459142,10.10.0.10,173.194.163.76,,,40826,443,0,37,17
1584694065.4629278,173.194.163.76,10.10.0.10,,,443,40826,0,1358,17
1584694065.4694614,173.194.163.76,10.10.0.10,,,443,40826,0,1358,17
1584694065.4711325,10.10.0.10,173.194.163.76,,,40826,443,0,37,17
1584694065.476007,173.194.163.76,10.10.0.10,,,443,40826,0,1358,17
1584694065.4825628,173.194.163.76,10.10.0.10,,,443,40826,0,1358,17
1584694065.484278,10.10.0.10,173.194.163.76,,,40826,443,0,37,17
1584694065.4891136,173.194.163.76,10.10.0.10,,,443,40826,0,1358,17
1584694065.49566,173.194.163.76,10.10.0.10,,,443,40826,0,1358,17
1584694065.497654,10.10.0.10,173.194.163.76,,,40826,443,0,37,17
1584694065.5022142,173.194.163.76,10.10.0.10,,,443,40826,0,1358,17
1584694065.5087662,173.194.163.76,10.10.0.10,,,443,40826,0,1358,17
1584694065.5153148,173.194.163.76,10.10.0.10,,,443,40826,0,1358,17
1584694065.5218668,173.194.163.76,10.10.0.10,,,443,40826,0,1358,17
1584694065.52843,173.194.163.76,10.10.0.10,,,443,40826,0,1358,17
1584694065.531503,10.10.0.10,173.194.163.76,,,40826,443,0,37,17
1584694065.531633,10.10.0.10,173.194.163.76,,,40826,443,0,37,17
1584694065.534967,173.194.163.76,10.10.0.10,,,443,40826,0,1358,17
1584694065.53666,10.10.0.10,173.194.163.76,,,40826,443,0,37,17
1584694065.5415199,173.194.163.76,10.10.0.10,,,443,40826,0,1358,17
1584694065.5480678,173.194.163.76,10.10.0.10,,,443,40826,0,1358,17
1584694065.5496302,10.10.0.10,173.194.163.76,,,40826,443,0,37,17
1584694065.554618,173.194.163.76,10.10.0.10,,,443,40826,0,1358,17
1584694065.561177,173.194.163.76,10.10.0.10,,,443,40826,0,1358,17
1584694065.562776,10.10.0.10,173.194.163.76,,,40826,443,0,50,17
1584694065.5677366,173.194.163.76,10.10.0.10,,,443,40826,0,1358,17
1584694065.5742722,173.194.163.76,10.10.0.10,,,443,40826,0,1358,17
1584694065.580821,173.194.163.76,10.10.0.10,,,443,40826,0,1358,17
1584694065.587373,173.194.163.76,10.10.0.10,,,443,40826,0,1358,17
1584694065.59393,173.194.163.76,10.10.0.10,,,443,40826,0,1358,17
1584694065.600487,173.194.163.76,10.10.0.10,,,443,40826,0,29,17
1584694065.6007626,173.194.163.76,10.10.0.10,,,443,40826,0,1358,17
1584694065.6055279,10.10.0.10,173.194.163.76,,,40826,443,0,37,17
1584694065.606024,10.10.0.10,173.194.163.76,,,40826,443,0,37,17
1584694065.6069958,10.10.0.10,173.194.163.76,,,40826,443,0,37,17
1584694065.6073172,173.194.163.76,10.10.0.10,,,443,40826,0,1358,17
1584694065.613871,173.194.163.76,10.10.0.10,,,443,40826,0,1358,17
1584694065.616879,10.10.0.10,173.194.163.76,,,40826,443,0,37,17
1584694065.620425,173.194.163.76,10.10.0.10,,,443,40826,0,1358,17
1584694065.626968,173.194.163.76,10.10.0.10,,,443,40826,0,1358,17
1584694065.6286528,10.10.0.10,173.194.163.76,,,40826,443,0,37,17
1584694065.633522,173.194.163.76,10.10.0.10,,,443,40826,0,1358,17
1584694065.640069,173.194.163.76,10.10.0.10,,,443,40826,0,1358,17
1584694065.6417742,10.10.0.10,173.194.163.76,,,40826,443,0,37,17
1584694065.646625,173.194.163.76,10.10.0.10,,,443,40826,0,1358,17
1584694065.653175,173.194.163.76,10.10.0.10,,,443,40826,0,1358,17
1584694065.6548998,10.10.0.10,173.194.163.76,,,40826,443,0,37,17
1584694065.659734,173.194.163.76,10.10.0.10,,,443,40826,0,1358,17
1584694065.666296,173.194.163.76,10.10.0.10,,,443,40826,0,1358,17
1584694065.6678698,10.10.0.10,173.194.163.76,,,40826,443,0,37,17
1584694065.6728258,173.194.163.76,10.10.0.10,,,443,40826,0,1358,17
1584694065.679376,173.194.163.76,10.10.0.10,,,443,40826,0,1358,17
1584694065.6820009,10.10.0.10,173.194.163.76,,,40826,443,0,37,17
1584694065.6859288,173.194.163.76,10.10.0.10,,,443,40826,0,1358,17
1584694065.6924849,173.194.163.76,10.10.0.10,,,443,40826,0,1358,17
1584694065.69425,10.10.0.10,173.194.163.76,,,40826,443,0,37,17
1584694065.6990454,173.194.163.76,10.10.0.10,,,443,40826,0,1358,17
1584694065.7055821,173.194.163.76,10.10.0.10,,,443,40826,0,1358,17
1584694065.707494,10.10.0.10,173.194.163.76,,,40826,443,0,37,17
1584694065.7121305,173.194.163.76,10.10.0.10,,,443,40826,0,1358,17
1584694065.7186801,173.194.163.76,10.10.0.10,,,443,40826,0,1358,17
1584694065.721126,10.10.0.10,173.194.163.76,,,40826,443,0,37,17
1584694065.725234,173.194.163.76,10.10.0.10,,,443,40826,0,1358,17
1584694065.731781,173.194.163.76,10.10.0.10,,,443,40826,0,1358,17
1584694065.733491,10.10.0.10,173.194.163.76,,,40826,443,0,37,17
1584694065.7383325,173.194.163.76,10.10.0.10,,,443,40826,0,1358,17
1584694065.7448866,173.194.163.76,10.10.0.10,,,443,40826,0,1358,17
1584694065.7514348,173.194.163.76,10.10.0.10,,,443,40826,0,1358,17
1584694065.757983,173.194.163.76,10.10.0.10,,,443,40826,0,1358,17
1584694065.7645473,173.194.163.76,10.10.0.10,,,443,40826,0,1358,17
1584694065.771086,173.194.163.76,10.10.0.10,,,443,40826,0,1358,17
1584694065.772249,10.10.0.10,173.194.163.76,,,40826,443,0,37,17
1584694065.773248,10.10.0.10,173.194.163.76,,,40826,443,0,37,17
1584694065.773892,10.10.0.10,173.194.163.76,,,40826,443,0,37,17
1584694065.7776358,173.194.163.76,10.10.0.10,,,443,40826,0,1358,17
1584694065.784182,173.194.163.76,10.10.0.10,,,443,40826,0,1358,17
1584694065.7858946,10.10.0.10,173.194.163.76,,,40826,443,0,37,17
1584694065.790736,173.194.163.76,10.10.0.10,,,443,40826,0,1358,17
1584694065.797296,173.194.163.76,10.10.0.10,,,443,40826,0,1358,17
1584694065.798872,10.10.0.10,173.194.163.76,,,40826,443,0,37,17
1584694065.803853,173.194.163.76,10.10.0.10,,,443,40826,0,1358,17
1584694065.81039,173.194.163.76,10.10.0.10,,,443,40826,0,1358,17
1584694065.8123732,10.10.0.10,173.194.163.76,,,40826,443,0,37,17
1584694065.81694,173.194.163.76,10.10.0.10,,,443,40826,0,1358,17
1584694065.8234909,173.194.163.76,10.10.0.10,,,443,40826,0,1358,17
1584694065.8251238,10.10.0.10,173.194.163.76,,,40826,443,0,50,17
1584694065.8300474,173.194.163.76,10.10.0.10,,,443,40826,0,1358,17
1584694065.836602,173.194.163.76,10.10.0.10,,,443,40826,0,1358,17
1584694065.838113,10.10.0.10,173.194.163.76,,,40826,443,0,37,17
1584694065.843141,173.194.163.76,10.10.0.10,,,443,40826,0,1358,17
1584694065.849692,173.194.163.76,10.10.0.10,,,443,40826,0,1358,17
1584694065.85427,10.10.0.10,173.194.163.76,,,40826,443,0,37,17
1584694065.856242,173.194.163.76,10.10.0.10,,,443,40826,0,1358,17
1584694065.862794,173.194.163.76,10.10.0.10,,,443,40826,0,1358,17
1584694065.8644998,10.10.0.10,173.194.163.76,,,40826,443,0,37,17
1584694065.869354,173.194.163.76,10.10.0.10,,,443,40826,0,1358,17
1584694065.8759148,173.194.163.76,10.10.0.10,,,443,40826,0,1358,17
1584694065.8776329,10.10.0.10,173.194.163.76,,,40826,443,0,37,17
1584694065.882446,173.194.163.76,10.10.0.10,,,443,40826,0,1358,17
1584694065.888992,173.194.163.76,10.10.0.10,,,443,40826,0,1358,17
1584694065.89112,10.10.0.10,173.194.163.76,,,40826,443,0,37,17
1584694065.8955412,173.194.163.76,10.10.0.10,,,443,40826,0,1358,17
1584694065.9021056,173.194.163.76,10.10.0.10,,,443,40826,0,1358,17
1584694065.908665,173.194.163.76,10.10.0.10,,,443,40826,0,1358,17
1584694065.9151974,173.194.163.76,10.10.0.10,,,443,40826,0,1358,17
1584694065.9217482,173.194.163.76,10.10.0.10,,,443,40826,0,1358,17
1584694065.9283,173.194.163.76,10.10.0.10,,,443,40826,0,1358,17
1584694065.9336188,10.10.0.10,173.194.163.76,,,40826,443,0,37,17
1584694065.933644,10.10.0.10,173.194.163.76,,,40826,443,0,37,17
1584694065.933999,10.10.0.10,173.194.163.76,,,40826,443,0,37,17
1584694065.934852,173.194.163.76,10.10.0.10,,,443,40826,0,1358,17
1584694065.941414,173.194.163.76,10.10.0.10,,,443,40826,0,1358,17
1584694065.947951,173.194.163.76,10.10.0.10,,,443,40826,0,1358,17
1584694065.9545019,173.194.163.76,10.10.0.10,,,443,40826,0,1358,17
1584694065.9562366,10.10.0.10,173.194.163.76,,,40826,443,0,37,17
1584694065.958831,10.10.0.10,173.194.163.76,,,40826,443,0,37,17
1584694065.9610472,173.194.163.76,10.10.0.10,,,443,40826,0,1358,17
1584694065.967596,173.194.163.76,10.10.0.10,,,443,40826,0,1358,17
1584694065.9732268,10.10.0.10,173.194.163.76,,,40826,443,0,37,17
1584694065.9741464,173.194.163.76,10.10.0.10,,,443,40826,0,1358,17
1584694065.9806972,173.194.163.76,10.10.0.10,,,443,40826,0,1358,17
1584694065.9824939,10.10.0.10,173.194.163.76,,,40826,443,0,37,17
1584694065.987247,173.194.163.76,10.10.0.10,,,443,40826,0,1358,17
1584694065.9938018,173.194.163.76,10.10.0.10,,,443,40826,0,1358,17
1584694065.995468,10.10.0.10,173.194.163.76,,,40826,443,0,37,17
1584694066.000351,173.194.163.76,10.10.0.10,,,443,40826,0,1358,17
1584694066.006902,173.194.163.76,10.10.0.10,,,443,40826,0,1358,17
1584694066.009466,10.10.0.10,173.194.163.76,,,40826,443,0,37,17
1584694066.0134618,173.194.163.76,10.10.0.10,,,443,40826,0,1358,17
1584694066.0200062,173.194.163.76,10.10.0.10,,,443,40826,0,1358,17
1584694066.021863,10.10.0.10,173.194.163.76,,,40826,443,0,37,17
1584694066.0265589,173.194.163.76,10.10.0.10,,,443,40826,0,1358,17
1584694066.0331092,173.194.163.76,10.10.0.10,,,443,40826,0,1358,17
1584694066.0347412,10.10.0.10,173.194.163.76,,,40826,443,0,37,17
1584694066.0396588,173.194.163.76,10.10.0.10,,,443,40826,0,1358,17
1584694066.046205,173.194.163.76,10.10.0.10,,,443,40826,0,1358,17
1584694066.047962,10.10.0.10,173.194.163.76,,,40826,443,0,37,17
1584694066.0527608,173.194.163.76,10.10.0.10,,,443,40826,0,1358,17
1584694066.0593119,173.194.163.76,10.10.0.10,,,443,40826,0,1358,17
1584694066.061095,10.10.0.10,173.194.163.76,,,40826,443,0,37,17
1584694066.0658634,173.194.163.76,10.10.0.10,,,443,40826,0,1358,17
1584694066.072409,173.194.163.76,10.10.0.10,,,443,40826,0,1358,17
1584694066.078972,173.194.163.76,10.10.0.10,,,443,40826,0,1358,17
1584694066.085534,173.194.163.76,10.10.0.10,,,443,40826,0,1358,17
1584694066.092062,173.194.163.76,10.10.0.10,,,443,40826,0,1358,17
1584694066.0970988,10.10.0.10,173.194.163.76,,,40826,443,0,37,17
1584694066.0977118,10.10.0.10,173.194.163.76,,,40826,443,0,50,17
1584694066.0986118,173.194.163.76,10.10.0.10,,,443,40826,0,1358,17
1584694066.0999556,10.10.0.10,173.194.163.76,,,40826,443,0,37,17
1584694066.105162,173.194.163.76,10.10.0.10,,,443,40826,0,1358,17
1584694066.111712,173.194.163.76,10.10.0.10,,,443,40826,0,1358,17
1584694066.1135054,10.10.0.10,173.194.163.76,,,40826,443,0,37,17
1584694066.1182852,173.194.163.76,10.10.0.10,,,443,40826,0,1358,17
1584694066.1248178,173.194.163.76,10.10.0.10,,,443,40826,0,1358,17
1584694066.126616,10.10.0.10,173.194.163.76,,,40826,443,0,37,17
1584694066.131364,173.194.163.76,10.10.0.10,,,443,40826,0,1358,17
1584694066.1379151,173.194.163.76,10.10.0.10,,,443,40826,0,29,17
1584694066.1382089,173.194.163.76,10.10.0.10,,,443,40826,0,1358,17
1584694066.1398401,10.10.0.10,173.194.163.76,,,40826,443,0,37,17
1584694066.144783,173.194.163.76,10.10.0.10,,,443,40826,0,1358,17
1584694066.151316,173.194.163.76,10.10.0.10,,,443,40826,0,1358,17
1584694066.1533642,10.10.0.10,173.194.163.76,,,40826,443,0,37,17
1584694066.157868,173.194.163.76,10.10.0.10,,,443,40826,0,1358,17
1584694066.1644125,173.194.163.76,10.10.0.10,,,443,40826,0,1358,17
1584694066.1660788,10.10.0.10,173.194.163.76,,,40826,443,0,37,17
1584694066.1709628,173.194.163.76,10.10.0.10,,,443,40826,0,1358,17
1584694066.1775162,173.194.163.76,10.10.0.10,,,443,40826,0,1358,17
1584694066.1792028,10.10.0.10,173.194.163.76,,,40826,443,0,37,17
1584694066.1840641,173.194.163.76,10.10.0.10,,,443,40826,0,1358,17
1584694066.1906214,173.194.163.76,10.10.0.10,,,443,40826,0,1358,17
1584694066.1921134,10.10.0.10,173.194.163.76,,,40826,443,0,37,17
1584694066.19717,173.194.163.76,10.10.0.10,,,443,40826,0,1358,17
1584694066.2037199,173.194.163.76,10.10.0.10,,,443,40826,0,1358,17
1584694066.2055962,10.10.0.10,173.194.163.76,,,40826,443,0,37,17
1584694066.2102828,173.194.163.76,10.10.0.10,,,443,40826,0,1358,17
1584694066.2168212,173.194.163.76,10.10.0.10,,,443,40826,0,1358,17
1584694066.2183628,10.10.0.10,173.194.163.76,,,40826,443,0,37,17
1584694066.2233741,173.194.163.76,10.10.0.10,,,443,40826,0,1358,17
1584694066.22992,173.194.163.76,10.10.0.10,,,443,40826,0,277,17
1584694066.259135,10.10.0.10,173.194.163.76,,,40826,443,0,37,17
1584694066.2809956,10.10.0.10,173.194.163.76,,,40826,443,0,733,17
1584694066.281022,10.10.0.10,173.194.163.76,,,40826,443,0,48,17
1584694066.285253,173.194.163.76,10.10.0.10,,,443,40826,0,115,17
1584694066.2852852,173.194.163.76,10.10.0.10,,,443,40826,0,1358,17
1584694066.2853081,173.194.163.76,10.10.0.10,,,443,40826,0,1358,17
1584694066.286984,10.10.0.10,173.194.163.76,,,40826,443,0,37,17
1584694066.2915351,173.194.163.76,10.10.0.10,,,443,40826,0,1358,17
1584694066.293008,10.10.0.10,173.194.163.76,,,40826,443,0,730,17
1584694066.2932372,10.10.0.10,173.194.163.76,,,40826,443,0,55,17
1584694066.298091,173.194.163.76,10.10.0.10,,,443,40826,0,1358,17
1584694066.304655,173.194.163.76,10.10.0.10,,,443,40826,0,1358,17
1584694066.306358,10.10.0.10,173.194.163.76,,,40826,443,0,37,17
1584694066.3111868,173.194.163.76,10.10.0.10,,,443,40826,0,1358,17
1584694066.3177376,173.194.163.76,10.10.0.10,,,443,40826,0,1358,17
1584694066.3194828,10.10.0.10,173.194.163.76,,,40826,443,0,37,17
1584694066.3242831,173.194.163.76,10.10.0.10,,,443,40826,0,1358,17
1584694066.33084,173.194.163.76,10.10.0.10,,,443,40826,0,1358,17
1584694066.332753,10.10.0.10,173.194.163.76,,,40826,443,0,37,17
1584694066.337386,173.194.163.76,10.10.0.10,,,443,40826,0,1358,17
1584694066.343935,173.194.163.76,10.10.0.10,,,443,40826,0,1358,17
1584694066.3476286,10.10.0.10,173.194.163.76,,,40826,443,0,37,17
1584694066.3504932,173.194.163.76,10.10.0.10,,,443,40826,0,1358,17
1584694066.3570411,173.194.163.76,10.10.0.10,,,443,40826,0,29,17
1584694066.3573306,173.194.163.76,10.10.0.10,,,443,40826,0,1358,17
1584694066.3598769,10.10.0.10,173.194.163.76,,,40826,443,0,37,17
1584694066.3639011,173.194.163.76,10.10.0.10,,,443,40826,0,1358,17
1584694066.37044,173.194.163.76,10.10.0.10,,,443,40826,0,1358,17
1584694066.3743572,10.10.0.10,173.194.163.76,,,40826,443,0,37,17
1584694066.37699,173.194.163.76,10.10.0.10,,,443,40826,0,1358,17
1584694066.3835402,173.194.163.76,10.10.0.10,,,443,40826,0,1358,17
1584694066.3852508,10.10.0.10,173.194.163.76,,,40826,443,0,37,17
1584694066.390092,173.194.163.76,10.10.0.10,,,443,40826,0,1358,17
1584694066.3966534,173.194.163.76,10.10.0.10,,,443,40826,0,1358,17
1584694066.403192,173.194.163.76,10.10.0.10,,,443,40826,0,1358,17
1584694066.4097419,173.194.163.76,10.10.0.10,,,443,40826,0,1358,17
1584694066.4162948,173.194.163.76,10.10.0.10,,,443,40826,0,1358,17
1584694066.42273,10.10.0.10,173.194.163.76,,,40826,443,0,37,17
1584694066.4228456,173.194.163.76,10.10.0.10,,,443,40826,0,1358,17
1584694066.4246278,10.10.0.10,173.194.163.76,,,40826,443,0,37,17
1584694066.4275002,10.10.0.10,173.194.163.76,,,40826,443,0,37,17
1584694066.4293892,173.194.163.76,10.10.0.10,,,443,40826,0,1358,17
1584694066.43125,10.10.0.10,173.194.163.76,,,40826,443,0,37,17
1584694066.4359398,173.194.163.76,10.10.0.10,,,443,40826,0,1358,17
1584694066.442496,173.194.163.76,10.10.0.10,,,443,40826,0,1358,17
1584694066.444249,10.10.0.10,173.194.163.76,,,40826,443,0,37,17
1584694066.4490461,173.194.163.76,10.10.0.10,,,443,40826,0,1358,17
1584694066.4555948,173.194.163.76,10.10.0.10,,,443,40826,0,1358,17
1584694066.4573536,10.10.0.10,173.194.163.76,,,40826,443,0,37,17
1584694066.462142,173.194.163.76,10.10.0.10,,,443,40826,0,1358,17
1584694066.4687116,173.194.163.76,10.10.0.10,,,443,40826,0,1358,17
1584694066.4703276,10.10.0.10,173.194.163.76,,,40826,443,0,37,17
1584694066.4752429,173.194.163.76,10.10.0.10,,,443,40826,0,1358,17
1584694066.4817982,173.194.163.76,10.10.0.10,,,443,40826,0,1358,17
1584694066.4834778,10.10.0.10,173.194.163.76,,,40826,443,0,37,17
1584694066.4883492,173.194.163.76,10.10.0.10,,,443,40826,0,1358,17
1584694066.494894,173.194.163.76,10.10.0.10,,,443,40826,0,1358,17
1584694066.4966302,10.10.0.10,173.194.163.76,,,40826,443,0,37,17
1584694066.5014508,173.194.163.76,10.10.0.10,,,443,40826,0,1358,17
1584694066.508,173.194.163.76,10.10.0.10,,,443,40826,0,1358,17
1584694066.509613,10.10.0.10,173.194.163.76,,,40826,443,0,37,17
1584694066.5145519,173.194.163.76,10.10.0.10,,,443,40826,0,1358,17
1584694066.5211012,173.194.163.76,10.10.0.10,,,443,40826,0,1358,17
1584694066.5230944,10.10.0.10,173.194.163.76,,,40826,443,0,37,17
1584694066.527657,173.194.163.76,10.10.0.10,,,443,40826,0,1358,17
1584694066.53421,173.194.163.76,10.10.0.10,,,443,40826,0,1358,17
1584694066.535972,10.10.0.10,173.194.163.76,,,40826,443,0,37,17
1584694066.5407708,173.194.163.76,10.10.0.10,,,443,40826,0,1358,17
1584694066.547303,173.194.163.76,10.10.0.10,,,443,40826,0,1358,17
1584694066.5491214,10.10.0.10,173.194.163.76,,,40826,443,0,50,17
1584694066.5538552,173.194.163.76,10.10.0.10,,,443,40826,0,1358,17
1584694066.5604038,173.194.163.76,10.10.0.10,,,443,40826,0,1358,17
1584694066.5669591,173.194.163.76,10.10.0.10,,,443,40826,0,1358,17
1584694066.573522,173.194.163.76,10.10.0.10,,,443,40826,0,1358,17
1584694066.5800588,173.194.163.76,10.10.0.10,,,443,40826,0,1358,17
1584694066.586607,173.194.163.76,10.10.0.10,,,443,40826,0,1358,17
1584694066.588073,10.10.0.10,173.194.163.76,,,40826,443,0,37,17
1584694066.5906339,10.10.0.10,173.194.163.76,,,40826,443,0,37,17
1584694066.592099,10.10.0.10,173.194.163.76,,,40826,443,0,37,17
1584694066.593158,173.194.163.76,10.10.0.10,,,443,40826,0,1358,17
1584694066.594855,10.10.0.10,173.194.163.76,,,40826,443,0,37,17
1584694066.599709,173.194.163.76,10.10.0.10,,,443,40826,0,1358,17
1584694066.6062741,173.194.163.76,10.10.0.10,,,443,40826,0,1358,17
1584694066.607975,10.10.0.10,173.194.163.76,,,40826,443,0,37,17
1584694066.612806,173.194.163.76,10.10.0.10,,,443,40826,0,1358,17
1584694066.6193671,173.194.163.76,10.10.0.10,,,443,40826,0,1358,17
1584694066.622224,10.10.0.10,173.194.163.76,,,40826,443,0,37,17
1584694066.625912,173.194.163.76,10.10.0.10,,,443,40826,0,1358,17
1584694066.63247,173.194.163.76,10.10.0.10,,,443,40826,0,1358,17
1584694066.634247,10.10.0.10,173.194.163.76,,,40826,443,0,37,17
1584694066.6390312,173.194.163.76,10.10.0.10,,,443,40826,0,1358,17
1584694066.645564,173.194.163.76,10.10.0.10,,,443,40826,0,1358,17
1584694066.647224,10.10.0.10,173.194.163.76,,,40826,443,0,37,17
1584694066.6521091,173.194.163.76,10.10.0.10,,,443,40826,0,1358,17
1584694066.658665,173.194.163.76,10.10.0.10,,,443,40826,0,1358,17
1584694066.6604939,10.10.0.10,173.194.163.76,,,40826,443,0,37,17
1584694066.665215,173.194.163.76,10.10.0.10,,,443,40826,0,1358,17
1584694066.6717722,173.194.163.76,10.10.0.10,,,443,40826,0,1358,17
1584694066.6734748,10.10.0.10,173.194.163.76,,,40826,443,0,37,17
1584694066.678332,173.194.163.76,10.10.0.10,,,443,40826,0,1358,17
1584694066.684866,173.194.163.76,10.10.0.10,,,443,40826,0,1358,17
1584694066.6863468,10.10.0.10,173.194.163.76,,,40826,443,0,37,17
1584694066.691414,173.194.163.76,10.10.0.10,,,443,40826,0,1358,17
1584694066.6979704,173.194.163.76,10.10.0.10,,,443,40826,0,1358,17
1584694066.699617,10.10.0.10,173.194.163.76,,,40826,443,0,37,17
1584694066.7045221,173.194.163.76,10.10.0.10,,,443,40826,0,1358,17
1584694066.71108,173.194.163.76,10.10.0.10,,,443,40826,0,1358,17
1584694066.713001,10.10.0.10,173.194.163.76,,,40826,443,0,37,17
1584694066.7176151,173.194.163.76,10.10.0.10,,,443,40826,0,1358,17
1584694066.724173,173.194.163.76,10.10.0.10,,,443,40826,0,1358,17
1584694066.7307231,173.194.163.76,10.10.0.10,,,443,40826,0,1358,17
1584694066.7372699,173.194.163.76,10.10.0.10,,,443,40826,0,1358,17
1584694066.743829,173.194.163.76,10.10.0.10,,,443,40826,0,1358,17
1584694066.750391,173.194.163.76,10.10.0.10,,,443,40826,0,1358,17
1584694066.751859,10.10.0.10,173.194.163.76,,,40826,443,0,37,17
1584694066.7547429,10.10.0.10,173.194.163.76,,,40826,443,0,40,17
1584694066.7547698,10.10.0.10,173.194.163.76,,,40826,443,0,37,17
1584694066.7569199,173.194.163.76,10.10.0.10,,,443,40826,0,1358,17
1584694066.758616,10.10.0.10,173.194.163.76,,,40826,443,0,37,17
1584694066.7634692,173.194.163.76,10.10.0.10,,,443,40826,0,1358,17
1584694066.770024,173.194.163.76,10.10.0.10,,,443,40826,0,1358,17
1584694066.772485,10.10.0.10,173.194.163.76,,,40826,443,0,37,17
1584694066.776577,173.194.163.76,10.10.0.10,,,443,40826,0,1358,17
1584694066.7831204,173.194.163.76,10.10.0.10,,,443,40826,0,1358,17
1584694066.7896762,173.194.163.76,10.10.0.10,,,443,40826,0,1358,17
1584694066.79623,173.194.163.76,10.10.0.10,,,443,40826,0,1358,17
1584694066.802778,173.194.163.76,10.10.0.10,,,443,40826,0,1358,17
1584694066.8093276,173.194.163.76,10.10.0.10,,,443,40826,0,1358,17
1584694066.810343,10.10.0.10,173.194.163.76,,,40826,443,0,37,17
1584694066.812366,10.10.0.10,173.194.163.76,,,40826,443,0,50,17
1584694066.812976,10.10.0.10,173.194.163.76,,,40826,443,0,37,17
1584694066.8158915,173.194.163.76,10.10.0.10,,,443,40826,0,1358,17
1584694066.8224301,173.194.163.76,10.10.0.10,,,443,40826,0,1358,17
1584694066.8241148,10.10.0.10,173.194.163.76,,,40826,443,0,37,17
1584694066.8289795,173.194.163.76,10.10.0.10,,,443,40826,0,1358,17
1584694066.8355298,173.194.163.76,10.10.0.10,,,443,40826,0,1358,17
1584694066.8372278,10.10.0.10,173.194.163.76,,,40826,443,0,37,17
1584694066.842082,173.194.163.76,10.10.0.10,,,443,40826,0,1358,17
1584694066.8486366,173.194.163.76,10.10.0.10,,,443,40826,0,1358,17
1584694066.8505929,10.10.0.10,173.194.163.76,,,40826,443,0,37,17
1584694066.8551779,173.194.163.76,10.10.0.10,,,443,40826,0,29,17
1584694066.855472,173.194.163.76,10.10.0.10,,,443,40826,0,1358,17
1584694066.8620286,173.194.163.76,10.10.0.10,,,443,40826,0,1358,17
1584694066.863718,10.10.0.10,173.194.163.76,,,40826,443,0,37,17
1584694066.868579,173.194.163.76,10.10.0.10,,,443,40826,0,1358,17
1584694066.8751314,173.194.163.76,10.10.0.10,,,443,40826,0,1358,17
1584694066.87799,10.10.0.10,173.194.163.76,,,40826,443,0,37,17
1584694066.88168,173.194.163.76,10.10.0.10,,,443,40826,0,1358,17
1584694066.888233,173.194.163.76,10.10.0.10,,,443,40826,0,1358,17
1584694066.889847,10.10.0.10,173.194.163.76,,,40826,443,0,37,17
1584694066.894782,173.194.163.76,10.10.0.10,,,443,40826,0,1358,17
1584694066.901335,173.194.163.76,10.10.0.10,,,443,40826,0,1358,17
1584694066.9030929,10.10.0.10,173.194.163.76,,,40826,443,0,37,17
1584694066.9078918,173.194.163.76,10.10.0.10,,,443,40826,0,1358,17
1584694066.91445,173.194.163.76,10.10.0.10,,,443,40826,0,1358,17
1584694066.9162366,10.10.0.10,173.194.163.76,,,40826,443,0,37,17
1584694066.9209795,173.194.163.76,10.10.0.10,,,443,40826,0,1358,17
1584694066.927536,173.194.163.76,10.10.0.10,,,443,40826,0,1358,17
1584694066.92911,10.10.0.10,173.194.163.76,,,40826,443,0,37,17
1584694066.9340851,173.194.163.76,10.10.0.10,,,443,40826,0,1358,17
1584694066.940641,173.194.163.76,10.10.0.10,,,443,40826,0,1358,17
1584694066.942467,10.10.0.10,173.194.163.76,,,40826,443,0,37,17
1584694066.9472,173.194.163.76,10.10.0.10,,,443,40826,0,1358,17
1584694066.9537606,173.194.163.76,10.10.0.10,,,443,40826,0,1358,17
1584694066.955342,10.10.0.10,173.194.163.76,,,40826,443,0,37,17
1584694066.9602852,173.194.163.76,10.10.0.10,,,443,40826,0,1358,17
1584694066.9668381,173.194.163.76,10.10.0.10,,,443,40826,0,1358,17
1584694066.968341,10.10.0.10,173.194.163.76,,,40826,443,0,37,17
1584694066.97339,173.194.163.76,10.10.0.10,,,443,40826,0,1358,17
1584694066.979954,173.194.163.76,10.10.0.10,,,443,40826,0,1358,17
1584694066.982213,10.10.0.10,173.194.163.76,,,40826,443,0,37,17
1584694066.9864864,173.194.163.76,10.10.0.10,,,443,40826,0,1358,17
1584694066.9930382,173.194.163.76,10.10.0.10,,,443,40826,0,1358,17
1584694066.9949698,10.10.0.10,173.194.163.76,,,40826,443,0,37,17
1584694066.999591,173.194.163.76,10.10.0.10,,,443,40826,0,1358,17
1584694067.006142,173.194.163.76,10.10.0.10,,,443,40826,0,1358,17
1584694067.007733,10.10.0.10,173.194.163.76,,,40826,443,0,37,17
1584694067.012687,173.194.163.76,10.10.0.10,,,443,40826,0,1358,17
1584694067.019259,173.194.163.76,10.10.0.10,,,443,40826,0,1358,17
1584694067.020734,10.10.0.10,173.194.163.76,,,40826,443,0,37,17
1584694067.0258029,173.194.163.76,10.10.0.10,,,443,40826,0,1358,17
1584694067.032341,173.194.163.76,10.10.0.10,,,443,40826,0,1358,17
1584694067.034096,10.10.0.10,173.194.163.76,,,40826,443,0,37,17
1584694067.0388908,173.194.163.76,10.10.0.10,,,443,40826,0,1358,17
1584694067.0454464,173.194.163.76,10.10.0.10,,,443,40826,0,1358,17
1584694067.0471814,10.10.0.10,173.194.163.76,,,40826,443,0,37,17
1584694067.051993,173.194.163.76,10.10.0.10,,,443,40826,0,1358,17
1584694067.058544,173.194.163.76,10.10.0.10,,,443,40826,0,1358,17
1584694067.0602062,10.10.0.10,173.194.163.76,,,40826,443,0,50,17
1584694067.065095,173.194.163.76,10.10.0.10,,,443,40826,0,1358,17
1584694067.0716481,173.194.163.76,10.10.0.10,,,443,40826,0,1358,17
1584694067.073213,10.10.0.10,173.194.163.76,,,40826,443,0,37,17
1584694067.0781946,173.194.163.76,10.10.0.10,,,443,40826,0,1358,17
1584694067.084759,173.194.163.76,10.10.0.10,,,443,40826,0,1358,17
1584694067.086335,10.10.0.10,173.194.163.76,,,40826,443,0,37,17
1584694067.0912988,173.194.163.76,10.10.0.10,,,443,40826,0,1358,17
1584694067.0978522,173.194.163.76,10.10.0.10,,,443,40826,0,1358,17
1584694067.0994608,10.10.0.10,173.194.163.76,,,40826,443,0,37,17
1584694067.104397,173.194.163.76,10.10.0.10,,,443,40826,0,1358,17
1584694067.106211,10.10.0.10,173.194.163.76,,,40826,443,0,40,17
1584694067.1109526,173.194.163.76,10.10.0.10,,,443,40826,0,1358,17
1584694067.1124802,10.10.0.10,173.194.163.76,,,40826,443,0,40,17
1584694067.1174982,173.194.163.76,10.10.0.10,,,443,40826,0,1358,17
1584694067.11881,10.10.0.10,173.194.163.76,,,40826,443,0,40,17
1584694067.124048,173.194.163.76,10.10.0.10,,,443,40826,0,1358,17
1584694067.125442,10.10.0.10,173.194.163.76,,,40826,443,0,40,17
1584694067.130617,173.194.163.76,10.10.0.10,,,443,40826,0,1358,17
1584694067.1371539,173.194.163.76,10.10.0.10,,,443,40826,0,1358,17
1584694067.1390758,10.10.0.10,173.194.163.76,,,40826,443,0,40,17
1584694067.143699,173.194.163.76,10.10.0.10,,,443,40826,0,1358,17
1584694067.145073,10.10.0.10,173.194.163.76,,,40826,443,0,42,17
1584694067.15025,173.194.163.76,10.10.0.10,,,443,40826,0,1358,17
1584694067.15181,10.10.0.10,173.194.163.76,,,40826,443,0,40,17
1584694067.1568189,173.194.163.76,10.10.0.10,,,443,40826,0,1358,17
1584694067.16337,173.194.163.76,10.10.0.10,,,443,40826,0,1358,17
1584694067.1649802,10.10.0.10,173.194.163.76,,,40826,443,0,40,17
1584694067.1699116,173.194.163.76,10.10.0.10,,,443,40826,0,1358,17
1584694067.176456,173.194.163.76,10.10.0.10,,,443,40826,0,1358,17
1584694067.178187,10.10.0.10,173.194.163.76,,,40826,443,0,40,17
1584694067.183005,173.194.163.76,10.10.0.10,,,443,40826,0,1358,17
1584694067.189552,173.194.163.76,10.10.0.10,,,443,40826,0,1358,17
1584694067.191794,10.10.0.10,173.194.163.76,,,40826,443,0,40,17
1584694067.1961012,173.194.163.76,10.10.0.10,,,443,40826,0,1358,17
1584694067.2026534,173.194.163.76,10.10.0.10,,,443,40826,0,1358,17
1584694067.209213,173.194.163.76,10.10.0.10,,,443,40826,0,1358,17
1584694067.210202,10.10.0.10,173.194.163.76,,,40826,443,0,40,17
1584694067.21576,173.194.163.76,10.10.0.10,,,443,40826,0,1358,17
1584694067.217709,10.10.0.10,173.194.163.76,,,40826,443,0,40,17
1584694067.2223148,173.194.163.76,10.10.0.10,,,443,40826,0,1358,17
1584694067.228877,173.194.163.76,10.10.0.10,,,443,40826,0,1358,17
1584694067.230457,10.10.0.10,173.194.163.76,,,40826,443,0,40,17
1584694067.235412,173.194.163.76,10.10.0.10,,,443,40826,0,1358,17
1584694067.236957,10.10.0.10,173.194.163.76,,,40826,443,0,42,17
1584694067.241962,173.194.163.76,10.10.0.10,,,443,40826,0,1358,17
1584694067.243351,10.10.0.10,173.194.163.76,,,40826,443,0,40,17
1584694067.248513,173.194.163.76,10.10.0.10,,,443,40826,0,1358,17
1584694067.255065,173.194.163.76,10.10.0.10,,,443,40826,0,1358,17
1584694067.2566009,10.10.0.10,173.194.163.76,,,40826,443,0,40,17
1584694067.2616286,173.194.163.76,10.10.0.10,,,443,40826,0,1358,17
1584694067.268166,173.194.163.76,10.10.0.10,,,443,40826,0,1358,17
1584694067.2698526,10.10.0.10,173.194.163.76,,,40826,443,0,53,17
1584694067.2747116,173.194.163.76,10.10.0.10,,,443,40826,0,1358,17
1584694067.281267,173.194.163.76,10.10.0.10,,,443,40826,0,1358,17
1584694067.2829552,10.10.0.10,173.194.163.76,,,40826,443,0,40,17
1584694067.2878141,173.194.163.76,10.10.0.10,,,443,40826,0,1358,17
1584694067.2943778,173.194.163.76,10.10.0.10,,,443,40826,0,1358,17
1584694067.2975779,10.10.0.10,173.194.163.76,,,40826,443,0,40,17
1584694067.3009179,173.194.163.76,10.10.0.10,,,443,40826,0,1358,17
1584694067.307471,173.194.163.76,10.10.0.10,,,443,40826,0,1358,17
1584694067.309227,10.10.0.10,173.194.163.76,,,40826,443,0,40,17
1584694067.31402,173.194.163.76,10.10.0.10,,,443,40826,0,1358,17
1584694067.3205721,173.194.163.76,10.10.0.10,,,443,40826,0,1358,17
1584694067.3223288,10.10.0.10,173.194.163.76,,,40826,443,0,37,17
1584694067.327127,173.194.163.76,10.10.0.10,,,443,40826,0,1358,17
1584694067.3336868,173.194.163.76,10.10.0.10,,,443,40826,0,1358,17
1584694067.3354769,10.10.0.10,173.194.163.76,,,40826,443,0,37,17
1584694067.3402214,173.194.163.76,10.10.0.10,,,443,40826,0,1358,17
1584694067.3467731,173.194.163.76,10.10.0.10,,,443,40826,0,1358,17
1584694067.3484788,10.10.0.10,173.194.163.76,,,40826,443,0,37,17
1584694067.3533242,173.194.163.76,10.10.0.10,,,443,40826,0,1358,17
1584694067.359876,173.194.163.76,10.10.0.10,,,443,40826,0,1358,17
1584694067.362224,10.10.0.10,173.194.163.76,,,40826,443,0,37,17
1584694067.3664358,173.194.163.76,10.10.0.10,,,443,40826,0,1358,17
1584694067.372995,173.194.163.76,10.10.0.10,,,443,40826,0,1358,17
1584694067.374601,10.10.0.10,173.194.163.76,,,40826,443,0,40,17
1584694067.3795214,173.194.163.76,10.10.0.10,,,443,40826,0,1358,17
1584694067.3817296,10.10.0.10,173.194.163.76,,,40826,443,0,37,17
1584694067.3860748,173.194.163.76,10.10.0.10,,,443,40826,0,1358,17
1584694067.3926294,173.194.163.76,10.10.0.10,,,443,40826,0,1358,17
1584694067.395969,10.10.0.10,173.194.163.76,,,40826,443,0,37,17
1584694067.399185,173.194.163.76,10.10.0.10,,,443,40826,0,1358,17
1584694067.4057472,173.194.163.76,10.10.0.10,,,443,40826,0,1358,17
1584694067.407347,10.10.0.10,173.194.163.76,,,40826,443,0,37,17
1584694067.4122748,173.194.163.76,10.10.0.10,,,443,40826,0,1358,17
1584694067.4188292,173.194.163.76,10.10.0.10,,,443,40826,0,1358,17
1584694067.420451,10.10.0.10,173.194.163.76,,,40826,443,0,37,17
1584694067.4253812,173.194.163.76,10.10.0.10,,,443,40826,0,1358,17
1584694067.4319308,173.194.163.76,10.10.0.10,,,443,40826,0,1358,17
1584694067.433598,10.10.0.10,173.194.163.76,,,40826,443,0,37,17
1584694067.438496,173.194.163.76,10.10.0.10,,,443,40826,0,1358,17
1584694067.445033,173.194.163.76,10.10.0.10,,,443,40826,0,1358,17
1584694067.4465759,10.10.0.10,173.194.163.76,,,40826,443,0,37,17
1584694067.451584,173.194.163.76,10.10.0.10,,,443,40826,0,1358,17
1584694067.4581304,173.194.163.76,10.10.0.10,,,443,40826,0,1358,17
1584694067.4604445,10.10.0.10,173.194.163.76,,,40826,443,0,37,17
1584694067.4646852,173.194.163.76,10.10.0.10,,,443,40826,0,1358,17
1584694067.4712338,173.194.163.76,10.10.0.10,,,443,40826,0,1358,17
1584694067.4729779,10.10.0.10,173.194.163.76,,,40826,443,0,37,17
1584694067.4777868,173.194.163.76,10.10.0.10,,,443,40826,0,1358,17
1584694067.484336,173.194.163.76,10.10.0.10,,,443,40826,0,1358,17
1584694067.486092,10.10.0.10,173.194.163.76,,,40826,443,0,37,17
1584694067.490889,173.194.163.76,10.10.0.10,,,443,40826,0,1358,17
1584694067.497436,173.194.163.76,10.10.0.10,,,443,40826,0,1358,17
1584694067.499076,10.10.0.10,173.194.163.76,,,40826,443,0,37,17
1584694067.503986,173.194.163.76,10.10.0.10,,,443,40826,0,1358,17
1584694067.510533,173.194.163.76,10.10.0.10,,,443,40826,0,1358,17
1584694067.512199,10.10.0.10,173.194.163.76,,,40826,443,0,37,17
1584694067.5170894,173.194.163.76,10.10.0.10,,,443,40826,0,1358,17
1584694067.523639,173.194.163.76,10.10.0.10,,,443,40826,0,1358,17
1584694067.5252,10.10.0.10,173.194.163.76,,,40826,443,0,50,17
1584694067.530192,173.194.163.76,10.10.0.10,,,443,40826,0,1358,17
1584694067.5367482,173.194.163.76,10.10.0.10,,,443,40826,0,1358,17
1584694067.5384429,10.10.0.10,173.194.163.76,,,40826,443,0,37,17
1584694067.543304,173.194.163.76,10.10.0.10,,,443,40826,0,1358,17
1584694067.549842,173.194.163.76,10.10.0.10,,,443,40826,0,1358,17
1584694067.551467,10.10.0.10,173.194.163.76,,,40826,443,0,37,17
1584694067.556391,173.194.163.76,10.10.0.10,,,443,40826,0,1358,17
1584694067.562943,173.194.163.76,10.10.0.10,,,443,40826,0,1358,17
1584694067.5646,10.10.0.10,173.194.163.76,,,40826,443,0,37,17
1584694067.569495,173.194.163.76,10.10.0.10,,,443,40826,0,1358,17
1584694067.576055,173.194.163.76,10.10.0.10,,,443,40826,0,29,17
1584694067.576333,173.194.163.76,10.10.0.10,,,443,40826,0,1358,17
1584694067.577697,10.10.0.10,173.194.163.76,,,40826,443,0,37,17
1584694067.582891,173.194.163.76,10.10.0.10,,,443,40826,0,1358,17
1584694067.589441,173.194.163.76,10.10.0.10,,,443,40826,0,1358,17
1584694067.5919068,10.10.0.10,173.194.163.76,,,40826,443,0,37,17
1584694067.5959866,173.194.163.76,10.10.0.10,,,443,40826,0,1358,17
1584694067.6025548,173.194.163.76,10.10.0.10,,,443,40826,0,1358,17
1584694067.604198,10.10.0.10,173.194.163.76,,,40826,443,0,37,17
1584694067.6090908,173.194.163.76,10.10.0.10,,,443,40826,0,1358,17
1584694067.6156418,173.194.163.76,10.10.0.10,,,443,40826,0,1358,17
1584694067.617321,10.10.0.10,173.194.163.76,,,40826,443,0,37,17
1584694067.6221929,173.194.163.76,10.10.0.10,,,443,40826,0,1358,17
1584694067.628744,173.194.163.76,10.10.0.10,,,443,40826,0,1358,17
1584694067.630456,10.10.0.10,173.194.163.76,,,40826,443,0,37,17
1584694067.635304,173.194.163.76,10.10.0.10,,,443,40826,0,1358,17
1584694067.641866,173.194.163.76,10.10.0.10,,,443,40826,0,1358,17
1584694067.643449,10.10.0.10,173.194.163.76,,,40826,443,0,37,17
1584694067.6483972,173.194.163.76,10.10.0.10,,,443,40826,0,1358,17
1584694067.6549492,173.194.163.76,10.10.0.10,,,443,40826,0,1358,17
1584694067.6569679,10.10.0.10,173.194.163.76,,,40826,443,0,37,17
1584694067.6614974,173.194.163.76,10.10.0.10,,,443,40826,0,1358,17
1584694067.668043,173.194.163.76,10.10.0.10,,,443,40826,0,1358,17
1584694067.6698134,10.10.0.10,173.194.163.76,,,40826,443,0,37,17
1584694067.6746151,173.194.163.76,10.10.0.10,,,443,40826,0,1358,17
1584694067.681149,173.194.163.76,10.10.0.10,,,443,40826,0,1358,17
1584694067.682965,10.10.0.10,173.194.163.76,,,40826,443,0,37,17
1584694067.6877036,173.194.163.76,10.10.0.10,,,443,40826,0,1358,17
1584694067.694247,173.194.163.76,10.10.0.10,,,443,40826,0,1358,17
1584694067.6970696,10.10.0.10,173.194.163.76,,,40826,443,0,37,17
1584694067.700801,173.194.163.76,10.10.0.10,,,443,40826,0,1358,17
1584694067.707366,173.194.163.76,10.10.0.10,,,443,40826,0,1358,17
1584694067.708946,10.10.0.10,173.194.163.76,,,40826,443,0,37,17
1584694067.713903,173.194.163.76,10.10.0.10,,,443,40826,0,1358,17
1584694067.7204552,173.194.163.76,10.10.0.10,,,443,40826,0,1358,17
1584694067.722088,10.10.0.10,173.194.163.76,,,40826,443,0,37,17
1584694067.7270038,173.194.163.76,10.10.0.10,,,443,40826,0,1358,17
1584694067.733554,173.194.163.76,10.10.0.10,,,443,40826,0,1358,17
1584694067.7350874,10.10.0.10,173.194.163.76,,,40826,443,0,37,17
1584694067.740104,173.194.163.76,10.10.0.10,,,443,40826,0,1358,17
1584694067.746656,173.194.163.76,10.10.0.10,,,443,40826,0,1358,17
1584694067.748591,10.10.0.10,173.194.163.76,,,40826,443,0,37,17
1584694067.753206,173.194.163.76,10.10.0.10,,,443,40826,0,1358,17
1584694067.7597554,173.194.163.76,10.10.0.10,,,443,40826,0,1358,17
1584694067.761465,10.10.0.10,173.194.163.76,,,40826,443,0,37,17
1584694067.76631,173.194.163.76,10.10.0.10,,,443,40826,0,1358,17
1584694067.772865,173.194.163.76,10.10.0.10,,,443,40826,0,1358,17
1584694067.774447,10.10.0.10,173.194.163.76,,,40826,443,0,37,17
1584694067.779424,173.194.163.76,10.10.0.10,,,443,40826,0,1358,17
1584694067.785961,173.194.163.76,10.10.0.10,,,443,40826,0,1358,17
1584694067.787693,10.10.0.10,173.194.163.76,,,40826,443,0,50,17
1584694067.792505,173.194.163.76,10.10.0.10,,,443,40826,0,1358,17
1584694067.7990599,173.194.163.76,10.10.0.10,,,443,40826,0,1358,17
1584694067.800831,10.10.0.10,173.194.163.76,,,40826,443,0,37,17
1584694067.8056061,173.194.163.76,10.10.0.10,,,443,40826,0,1358,17
1584694067.812158,173.194.163.76,10.10.0.10,,,443,40826,0,1358,17
1584694067.8141901,10.10.0.10,173.194.163.76,,,40826,443,0,37,17
1584694067.8187132,173.194.163.76,10.10.0.10,,,443,40826,0,1358,17
1584694067.8252606,173.194.163.76,10.10.0.10,,,443,40826,0,1358,17
1584694067.827065,10.10.0.10,173.194.163.76,,,40826,443,0,37,17
1584694067.831813,173.194.163.76,10.10.0.10,,,443,40826,0,1358,17
1584694067.8383641,173.194.163.76,10.10.0.10,,,443,40826,0,1358,17
1584694067.840064,10.10.0.10,173.194.163.76,,,40826,443,0,37,17
1584694067.8449225,173.194.163.76,10.10.0.10,,,443,40826,0,1358,17
1584694067.851484,173.194.163.76,10.10.0.10,,,443,40826,0,1358,17
1584694067.8531892,10.10.0.10,173.194.163.76,,,40826,443,0,37,17
1584694067.858014,173.194.163.76,10.10.0.10,,,443,40826,0,1358,17
1584694067.864567,173.194.163.76,10.10.0.10,,,443,40826,0,1358,17
1584694067.86644,10.10.0.10,173.194.163.76,,,40826,443,0,37,17
1584694067.8711119,173.194.163.76,10.10.0.10,,,443,40826,0,1358,17
1584694067.877672,173.194.163.76,10.10.0.10,,,443,40826,0,1358,17
1584694067.8793411,10.10.0.10,173.194.163.76,,,40826,443,0,37,17
1584694067.8842359,173.194.163.76,10.10.0.10,,,443,40826,0,1358,17
1584694067.8907769,173.194.163.76,10.10.0.10,,,443,40826,0,1358,17
1584694067.8924382,10.10.0.10,173.194.163.76,,,40826,443,0,37,17
1584694067.8973188,173.194.163.76,10.10.0.10,,,443,40826,0,1358,17
1584694067.9038696,173.194.163.76,10.10.0.10,,,443,40826,0,1358,17
1584694067.905567,10.10.0.10,173.194.163.76,,,40826,443,0,37,17
1584694067.910415,173.194.163.76,10.10.0.10,,,443,40826,0,1358,17
1584694067.9169831,173.194.163.76,10.10.0.10,,,443,40826,0,1358,17
1584694067.9193132,10.10.0.10,173.194.163.76,,,40826,443,0,37,17
1584694067.9235196,173.194.163.76,10.10.0.10,,,443,40826,0,1358,17
1584694067.930071,173.194.163.76,10.10.0.10,,,443,40826,0,1358,17
1584694067.9317124,10.10.0.10,173.194.163.76,,,40826,443,0,37,17
1584694067.936623,173.194.163.76,10.10.0.10,,,443,40826,0,1358,17
1584694067.9431732,173.194.163.76,10.10.0.10,,,443,40826,0,1358,17
1584694067.945082,10.10.0.10,173.194.163.76,,,40826,443,0,37,17
1584694067.949735,173.194.163.76,10.10.0.10,,,443,40826,0,1358,17
1584694067.956274,173.194.163.76,10.10.0.10,,,443,40826,0,1358,17
1584694067.9580624,10.10.0.10,173.194.163.76,,,40826,443,0,37,17
1584694067.962827,173.194.163.76,10.10.0.10,,,443,40826,0,1358,17
1584694067.969379,173.194.163.76,10.10.0.10,,,443,40826,0,1358,17
1584694067.971561,10.10.0.10,173.194.163.76,,,40826,443,0,37,17
1584694067.975922,173.194.163.76,10.10.0.10,,,443,40826,0,1358,17
1584694067.9824748,173.194.163.76,10.10.0.10,,,443,40826,0,1358,17
1584694067.984787,10.10.0.10,173.194.163.76,,,40826,443,0,37,17
1584694067.989031,173.194.163.76,10.10.0.10,,,443,40826,0,1358,17
1584694067.995589,173.194.163.76,10.10.0.10,,,443,40826,0,1358,17
1584694067.997292,10.10.0.10,173.194.163.76,,,40826,443,0,37,17
1584694068.002125,173.194.163.76,10.10.0.10,,,443,40826,0,1358,17
1584694068.0086794,173.194.163.76,10.10.0.10,,,443,40826,0,1358,17
1584694068.0105412,10.10.0.10,173.194.163.76,,,40826,443,0,37,17
1584694068.015222,173.194.163.76,10.10.0.10,,,443,40826,0,1358,17
1584694068.021777,173.194.163.76,10.10.0.10,,,443,40826,0,1358,17
1584694068.023416,10.10.0.10,173.194.163.76,,,40826,443,0,37,17
1584694068.028323,173.194.163.76,10.10.0.10,,,443,40826,0,1358,17
1584694068.034877,173.194.163.76,10.10.0.10,,,443,40826,0,1358,17
1584694068.036709,10.10.0.10,173.194.163.76,,,40826,443,0,37,17
1584694068.041427,173.194.163.76,10.10.0.10,,,443,40826,0,1358,17
1584694068.047978,173.194.163.76,10.10.0.10,,,443,40826,0,1358,17
1584694068.0500634,10.10.0.10,173.194.163.76,,,40826,443,0,50,17
1584694068.05484,173.194.163.76,10.10.0.10,,,443,40826,0,1358,17
1584694068.061392,173.194.163.76,10.10.0.10,,,443,40826,0,1358,17
1584694068.0679386,173.194.163.76,10.10.0.10,,,443,40826,0,1358,17
1584694068.074496,173.194.163.76,10.10.0.10,,,443,40826,0,1358,17
1584694068.0810454,173.194.163.76,10.10.0.10,,,443,40826,0,1358,17
1584694068.0876052,173.194.163.76,10.10.0.10,,,443,40826,0,1358,17
1584694068.088813,10.10.0.10,173.194.163.76,,,40826,443,0,37,17
1584694068.090808,10.10.0.10,173.194.163.76,,,40826,443,0,37,17
1584694068.0919511,10.10.0.10,173.194.163.76,,,40826,443,0,37,17
1584694068.0941432,173.194.163.76,10.10.0.10,,,443,40826,0,1358,17
1584694068.1006932,173.194.163.76,10.10.0.10,,,443,40826,0,1358,17
1584694068.103683,10.10.0.10,173.194.163.76,,,40826,443,0,37,17
1584694068.107247,173.194.163.76,10.10.0.10,,,443,40826,0,1358,17
1584694068.113799,173.194.163.76,10.10.0.10,,,443,40826,0,1358,17
1584694068.115579,10.10.0.10,173.194.163.76,,,40826,443,0,37,17
1584694068.1203446,173.194.163.76,10.10.0.10,,,443,40826,0,1358,17
1584694068.1268976,173.194.163.76,10.10.0.10,,,443,40826,0,1358,17
1584694068.12904,10.10.0.10,173.194.163.76,,,40826,443,0,37,17
1584694068.1334527,173.194.163.76,10.10.0.10,,,443,40826,0,1358,17
1584694068.139996,173.194.163.76,10.10.0.10,,,443,40826,0,1358,17
1584694068.1415482,10.10.0.10,173.194.163.76,,,40826,443,0,37,17
1584694068.1465518,173.194.163.76,10.10.0.10,,,443,40826,0,1358,17
1584694068.1531012,173.194.163.76,10.10.0.10,,,443,40826,0,1358,17
1584694068.154785,10.10.0.10,173.194.163.76,,,40826,443,0,37,17
1584694068.1596498,173.194.163.76,10.10.0.10,,,443,40826,0,1358,17
1584694068.1662042,173.194.163.76,10.10.0.10,,,443,40826,0,1358,17
1584694068.169682,10.10.0.10,173.194.163.76,,,40826,443,0,37,17
1584694068.1727548,173.194.163.76,10.10.0.10,,,443,40826,0,1358,17
1584694068.179303,173.194.163.76,10.10.0.10,,,443,40826,0,1358,17
1584694068.18143,10.10.0.10,173.194.163.76,,,40826,443,0,37,17
1584694068.1858554,173.194.163.76,10.10.0.10,,,443,40826,0,1358,17
1584694068.192401,173.194.163.76,10.10.0.10,,,443,40826,0,1358,17
1584694068.1941721,10.10.0.10,173.194.163.76,,,40826,443,0,37,17
1584694068.198953,173.194.163.76,10.10.0.10,,,443,40826,0,1358,17
1584694068.2055078,173.194.163.76,10.10.0.10,,,443,40826,0,1358,17
1584694068.208931,10.10.0.10,173.194.163.76,,,40826,443,0,37,17
1584694068.2120519,173.194.163.76,10.10.0.10,,,443,40826,0,1358,17
1584694068.2186036,173.194.163.76,10.10.0.10,,,443,40826,0,1358,17
1584694068.2205539,10.10.0.10,173.194.163.76,,,40826,443,0,37,17
1584694068.225163,173.194.163.76,10.10.0.10,,,443,40826,0,1358,17
1584694068.2317052,173.194.163.76,10.10.0.10,,,443,40826,0,1358,17
1584694068.2336788,10.10.0.10,173.194.163.76,,,40826,443,0,37,17
1584694068.2382612,173.194.163.76,10.10.0.10,,,443,40826,0,1358,17
1584694068.2448108,173.194.163.76,10.10.0.10,,,443,40826,0,1358,17
1584694068.2464292,10.10.0.10,173.194.163.76,,,40826,443,0,37,17
1584694068.2513561,173.194.163.76,10.10.0.10,,,443,40826,0,1358,17
1584694068.257911,173.194.163.76,10.10.0.10,,,443,40826,0,1358,17
1584694068.2596786,10.10.0.10,173.194.163.76,,,40826,443,0,37,17
1584694068.2644749,173.194.163.76,10.10.0.10,,,443,40826,0,1358,17
1584694068.2710118,173.194.163.76,10.10.0.10,,,443,40826,0,1358,17
1584694068.272824,10.10.0.10,173.194.163.76,,,40826,443,0,37,17
1584694068.2775662,173.194.163.76,10.10.0.10,,,443,40826,0,1358,17
1584694068.28411,173.194.163.76,10.10.0.10,,,443,40826,0,1358,17
1584694068.285823,10.10.0.10,173.194.163.76,,,40826,443,0,37,17
1584694068.290664,173.194.163.76,10.10.0.10,,,443,40826,0,1358,17
1584694068.297225,173.194.163.76,10.10.0.10,,,443,40826,0,1358,17
1584694068.298793,10.10.0.10,173.194.163.76,,,40826,443,0,37,17
1584694068.303765,173.194.163.76,10.10.0.10,,,443,40826,0,1358,17
1584694068.310318,173.194.163.76,10.10.0.10,,,443,40826,0,1358,17
1584694068.3121982,10.10.0.10,173.194.163.76,,,40826,443,0,50,17
1584694068.316866,173.194.163.76,10.10.0.10,,,443,40826,0,1358,17
1584694068.323417,173.194.163.76,10.10.0.10,,,443,40826,0,1358,17
1584694068.3249464,10.10.0.10,173.194.163.76,,,40826,443,0,37,17
1584694068.3299742,173.194.163.76,10.10.0.10,,,443,40826,0,1358,17
1584694068.3365386,173.194.163.76,10.10.0.10,,,443,40826,0,29,17
1584694068.336807,173.194.163.76,10.10.0.10,,,443,40826,0,1358,17
1584694068.338175,10.10.0.10,173.194.163.76,,,40826,443,0,37,17
1584694068.3433652,173.194.163.76,10.10.0.10,,,443,40826,0,1358,17
1584694068.3499162,173.194.163.76,10.10.0.10,,,443,40826,0,1358,17
1584694068.352694,10.10.0.10,173.194.163.76,,,40826,443,0,37,17
1584694068.356473,173.194.163.76,10.10.0.10,,,443,40826,0,1358,17
1584694068.363033,173.194.163.76,10.10.0.10,,,443,40826,0,1358,17
1584694068.365819,10.10.0.10,173.194.163.76,,,40826,443,0,37,17
1584694068.369569,173.194.163.76,10.10.0.10,,,443,40826,0,1358,17
1584694068.3761182,173.194.163.76,10.10.0.10,,,443,40826,0,1358,17
1584694068.377792,10.10.0.10,173.194.163.76,,,40826,443,0,37,17
1584694068.382666,173.194.163.76,10.10.0.10,,,443,40826,0,1358,17
1584694068.3892221,173.194.163.76,10.10.0.10,,,443,40826,0,1358,17
1584694068.3913279,10.10.0.10,173.194.163.76,,,40826,443,0,37,17
1584694068.395782,173.194.163.76,10.10.0.10,,,443,40826,0,1358,17
1584694068.402342,173.194.163.76,10.10.0.10,,,443,40826,0,1358,17
1584694068.40405,10.10.0.10,173.194.163.76,,,40826,443,0,37,17
1584694068.408867,173.194.163.76,10.10.0.10,,,443,40826,0,1358,17
1584694068.415421,173.194.163.76,10.10.0.10,,,443,40826,0,1358,17
1584694068.417174,10.10.0.10,173.194.163.76,,,40826,443,0,37,17
1584694068.4219718,173.194.163.76,10.10.0.10,,,443,40826,0,1358,17
1584694068.4293091,173.194.163.76,10.10.0.10,,,443,40826,0,1358,17
1584694068.431918,10.10.0.10,173.194.163.76,,,40826,443,0,37,17
1584694068.4358606,173.194.163.76,10.10.0.10,,,443,40826,0,1358,17
1584694068.442409,173.194.163.76,10.10.0.10,,,443,40826,0,1358,17
1584694068.4437902,10.10.0.10,173.194.163.76,,,40826,443,0,37,17
1584694068.4489698,173.194.163.76,10.10.0.10,,,443,40826,0,1358,17
1584694068.4555302,173.194.163.76,10.10.0.10,,,443,40826,0,1358,17
1584694068.457057,10.10.0.10,173.194.163.76,,,40826,443,0,37,17
1584694068.4620569,173.194.163.76,10.10.0.10,,,443,40826,0,1358,17
1584694068.4686134,173.194.163.76,10.10.0.10,,,443,40826,0,1358,17
1584694068.4702964,10.10.0.10,173.194.163.76,,,40826,443,0,37,17
1584694068.4751651,173.194.163.76,10.10.0.10,,,443,40826,0,1358,17
1584694068.4817214,173.194.163.76,10.10.0.10,,,443,40826,0,1358,17
1584694068.4833171,10.10.0.10,173.194.163.76,,,40826,443,0,37,17
1584694068.4882598,173.194.163.76,10.10.0.10,,,443,40826,0,1358,17
1584694068.494809,173.194.163.76,10.10.0.10,,,443,40826,0,1358,17
1584694068.4979448,10.10.0.10,173.194.163.76,,,40826,443,0,37,17
1584694068.501368,173.194.163.76,10.10.0.10,,,443,40826,0,1358,17
1584694068.5079162,173.194.163.76,10.10.0.10,,,443,40826,0,1358,17
1584694068.509816,10.10.0.10,173.194.163.76,,,40826,443,0,37,17
1584694068.514468,173.194.163.76,10.10.0.10,,,443,40826,0,1358,17
1584694068.5210278,173.194.163.76,10.10.0.10,,,443,40826,0,1358,17
1584694068.5225446,10.10.0.10,173.194.163.76,,,40826,443,0,37,17
1584694068.527589,173.194.163.76,10.10.0.10,,,443,40826,0,1358,17
1584694068.5341198,173.194.163.76,10.10.0.10,,,443,40826,0,1358,17
1584694068.536795,10.10.0.10,173.194.163.76,,,40826,443,0,37,17
1584694068.5406694,173.194.163.76,10.10.0.10,,,443,40826,0,1358,17
1584694068.547224,173.194.163.76,10.10.0.10,,,443,40826,0,1358,17
1584694068.548939,10.10.0.10,173.194.163.76,,,40826,443,0,37,17
1584694068.553778,173.194.163.76,10.10.0.10,,,443,40826,0,1358,17
1584694068.560339,173.194.163.76,10.10.0.10,,,443,40826,0,1358,17
1584694068.5620651,10.10.0.10,173.194.163.76,,,40826,443,0,37,17
1584694068.5668714,173.194.163.76,10.10.0.10,,,443,40826,0,1358,17
1584694068.5734231,173.194.163.76,10.10.0.10,,,443,40826,0,1358,17
1584694068.575193,10.10.0.10,173.194.163.76,,,40826,443,0,50,17
1584694068.5799742,173.194.163.76,10.10.0.10,,,443,40826,0,1358,17
1584694068.586529,173.194.163.76,10.10.0.10,,,443,40826,0,1358,17
1584694068.5883162,10.10.0.10,173.194.163.76,,,40826,443,0,37,17
1584694068.5930898,173.194.163.76,10.10.0.10,,,443,40826,0,1358,17
1584694068.599624,173.194.163.76,10.10.0.10,,,443,40826,0,1358,17
1584694068.601159,10.10.0.10,173.194.163.76,,,40826,443,0,37,17
1584694068.606174,173.194.163.76,10.10.0.10,,,443,40826,0,1358,17
1584694068.612726,173.194.163.76,10.10.0.10,,,443,40826,0,29,17
1584694068.6130168,173.194.163.76,10.10.0.10,,,443,40826,0,1358,17
1584694068.6191714,10.10.0.10,173.194.163.76,,,40826,443,0,37,17
1584694068.619573,173.194.163.76,10.10.0.10,,,443,40826,0,1358,17
1584694068.6261199,173.194.163.76,10.10.0.10,,,443,40826,0,1358,17
1584694068.62819,10.10.0.10,173.194.163.76,,,40826,443,0,37,17
1584694068.632674,173.194.163.76,10.10.0.10,,,443,40826,0,1358,17
1584694068.639225,173.194.163.76,10.10.0.10,,,443,40826,0,1358,17
1584694068.640809,10.10.0.10,173.194.163.76,,,40826,443,0,37,17
1584694068.645776,173.194.163.76,10.10.0.10,,,443,40826,0,1358,17
1584694068.6523206,173.194.163.76,10.10.0.10,,,443,40826,0,1358,17
1584694068.654062,10.10.0.10,173.194.163.76,,,40826,443,0,37,17
1584694068.6588721,173.194.163.76,10.10.0.10,,,443,40826,0,1358,17
1584694068.66543,173.194.163.76,10.10.0.10,,,443,40826,0,1358,17
1584694068.667187,10.10.0.10,173.194.163.76,,,40826,443,0,37,17
1584694068.671977,173.194.163.76,10.10.0.10,,,443,40826,0,1358,17
1584694068.6785278,173.194.163.76,10.10.0.10,,,443,40826,0,1358,17
1584694068.6803124,10.10.0.10,173.194.163.76,,,40826,443,0,37,17
1584694068.6850884,173.194.163.76,10.10.0.10,,,443,40826,0,1358,17
1584694068.6916518,173.194.163.76,10.10.0.10,,,443,40826,0,1358,17
1584694068.693292,10.10.0.10,173.194.163.76,,,40826,443,0,37,17
1584694068.698182,173.194.163.76,10.10.0.10,,,443,40826,0,1358,17
1584694068.70473,173.194.163.76,10.10.0.10,,,443,40826,0,1358,17
1584694068.706288,10.10.0.10,173.194.163.76,,,40826,443,0,37,17
1584694068.711281,173.194.163.76,10.10.0.10,,,443,40826,0,1358,17
1584694068.717838,173.194.163.76,10.10.0.10,,,443,40826,0,1358,17
1584694068.720811,10.10.0.10,173.194.163.76,,,40826,443,0,37,17
1584694068.724384,173.194.163.76,10.10.0.10,,,443,40826,0,1358,17
1584694068.7309332,173.194.163.76,10.10.0.10,,,443,40826,0,1358,17
1584694068.732814,10.10.0.10,173.194.163.76,,,40826,443,0,37,17
1584694068.737486,173.194.163.76,10.10.0.10,,,443,40826,0,1358,17
1584694068.7440338,173.194.163.76,10.10.0.10,,,443,40826,0,1358,17
1584694068.745934,10.10.0.10,173.194.163.76,,,40826,443,0,37,17
1584694068.750587,173.194.163.76,10.10.0.10,,,443,40826,0,1358,17
1584694068.7571466,173.194.163.76,10.10.0.10,,,443,40826,0,1358,17
1584694068.7588134,10.10.0.10,173.194.163.76,,,40826,443,0,37,17
1584694068.763708,173.194.163.76,10.10.0.10,,,443,40826,0,1358,17
1584694068.771023,173.194.163.76,10.10.0.10,,,443,40826,0,1358,17
1584694068.772664,10.10.0.10,173.194.163.76,,,40826,443,0,37,17
1584694068.777586,173.194.163.76,10.10.0.10,,,443,40826,0,1358,17
1584694068.784125,173.194.163.76,10.10.0.10,,,443,40826,0,1358,17
1584694068.785788,10.10.0.10,173.194.163.76,,,40826,443,0,37,17
1584694068.790677,173.194.163.76,10.10.0.10,,,443,40826,0,1358,17
1584694068.797225,173.194.163.76,10.10.0.10,,,443,40826,0,1358,17
1584694068.799434,10.10.0.10,173.194.163.76,,,40826,443,0,37,17
1584694068.803777,173.194.163.76,10.10.0.10,,,443,40826,0,1358,17
1584694068.810335,173.194.163.76,10.10.0.10,,,443,40826,0,1358,17
1584694068.812167,10.10.0.10,173.194.163.76,,,40826,443,0,37,17
1584694068.8168762,173.194.163.76,10.10.0.10,,,443,40826,0,1358,17
1584694068.823426,173.194.163.76,10.10.0.10,,,443,40826,0,1358,17
1584694068.825042,10.10.0.10,173.194.163.76,,,40826,443,0,37,17
1584694068.829979,173.194.163.76,10.10.0.10,,,443,40826,0,1358,17
1584694068.8365226,173.194.163.76,10.10.0.10,,,443,40826,0,1358,17
1584694068.8381562,10.10.0.10,173.194.163.76,,,40826,443,0,50,17
1584694068.84307,173.194.163.76,10.10.0.10,,,443,40826,0,1358,17
1584694068.849621,173.194.163.76,10.10.0.10,,,443,40826,0,1358,17
1584694068.8511548,10.10.0.10,173.194.163.76,,,40826,443,0,37,17
1584694068.856172,173.194.163.76,10.10.0.10,,,443,40826,0,1358,17
1584694068.8627222,173.194.163.76,10.10.0.10,,,443,40826,0,1358,17
1584694068.864153,10.10.0.10,173.194.163.76,,,40826,443,0,37,17
1584694068.86928,173.194.163.76,10.10.0.10,,,443,40826,0,1358,17
1584694068.875834,173.194.163.76,10.10.0.10,,,443,40826,0,1358,17
1584694068.877558,10.10.0.10,173.194.163.76,,,40826,443,0,37,17
1584694068.8823938,173.194.163.76,10.10.0.10,,,443,40826,0,1358,17
1584694068.8889332,173.194.163.76,10.10.0.10,,,443,40826,0,1358,17
1584694068.8906689,10.10.0.10,173.194.163.76,,,40826,443,0,37,17
1584694068.8954828,173.194.163.76,10.10.0.10,,,443,40826,0,1358,17
1584694068.9020338,173.194.163.76,10.10.0.10,,,443,40826,0,1358,17
1584694068.903784,10.10.0.10,173.194.163.76,,,40826,443,0,37,17
1584694068.908586,173.194.163.76,10.10.0.10,,,443,40826,0,1358,17
1584694068.915142,173.194.163.76,10.10.0.10,,,443,40826,0,1358,17
1584694068.916784,10.10.0.10,173.194.163.76,,,40826,443,0,37,17
1584694068.921705,173.194.163.76,10.10.0.10,,,443,40826,0,1358,17
1584694068.92824,173.194.163.76,10.10.0.10,,,443,40826,0,1358,17
1584694068.929929,10.10.0.10,173.194.163.76,,,40826,443,0,37,17
1584694068.9347878,173.194.163.76,10.10.0.10,,,443,40826,0,1358,17
1584694068.9413388,173.194.163.76,10.10.0.10,,,443,40826,0,1358,17
1584694068.943033,10.10.0.10,173.194.163.76,,,40826,443,0,37,17
1584694068.947892,173.194.163.76,10.10.0.10,,,443,40826,0,1358,17
1584694068.9544532,173.194.163.76,10.10.0.10,,,443,40826,0,1358,17
1584694068.956408,10.10.0.10,173.194.163.76,,,40826,443,0,37,17
1584694068.9609902,173.194.163.76,10.10.0.10,,,443,40826,0,1358,17
1584694068.9675398,173.194.163.76,10.10.0.10,,,443,40826,0,1358,17
1584694068.9694278,10.10.0.10,173.194.163.76,,,40826,443,0,37,17
1584694068.9740908,173.194.163.76,10.10.0.10,,,443,40826,0,1358,17
1584694068.9806411,173.194.163.76,10.10.0.10,,,443,40826,0,1358,17
1584694068.98243,10.10.0.10,173.194.163.76,,,40826,443,0,37,17
1584694068.987205,173.194.163.76,10.10.0.10,,,443,40826,0,1358,17
1584694068.993741,173.194.163.76,10.10.0.10,,,443,40826,0,1358,17
1584694068.995407,10.10.0.10,173.194.163.76,,,40826,443,0,37,17
1584694069.000297,173.194.163.76,10.10.0.10,,,443,40826,0,1358,17
1584694069.0068429,173.194.163.76,10.10.0.10,,,443,40826,0,1358,17
1584694069.0086482,10.10.0.10,173.194.163.76,,,40826,443,0,37,17
1584694069.013393,173.194.163.76,10.10.0.10,,,443,40826,0,1358,17
1584694069.019952,173.194.163.76,10.10.0.10,,,443,40826,0,1358,17
1584694069.021632,10.10.0.10,173.194.163.76,,,40826,443,0,37,17
1584694069.026489,173.194.163.76,10.10.0.10,,,443,40826,0,1358,17
1584694069.0330482,173.194.163.76,10.10.0.10,,,443,40826,0,1358,17
1584694069.0351398,10.10.0.10,173.194.163.76,,,40826,443,0,37,17
1584694069.039596,173.194.163.76,10.10.0.10,,,443,40826,0,1358,17
1584694069.046143,173.194.163.76,10.10.0.10,,,443,40826,0,1358,17
1584694069.048007,10.10.0.10,173.194.163.76,,,40826,443,0,37,17
1584694069.052696,173.194.163.76,10.10.0.10,,,443,40826,0,1358,17
1584694069.059242,173.194.163.76,10.10.0.10,,,443,40826,0,1358,17
1584694069.06078,10.10.0.10,173.194.163.76,,,40826,443,0,37,17
1584694069.065801,173.194.163.76,10.10.0.10,,,443,40826,0,1358,17
1584694069.0723548,173.194.163.76,10.10.0.10,,,443,40826,0,1358,17
1584694069.0739286,10.10.0.10,173.194.163.76,,,40826,443,0,37,17
1584694069.078902,173.194.163.76,10.10.0.10,,,443,40826,0,1358,17
1584694069.0862372,173.194.163.76,10.10.0.10,,,443,40826,0,1358,17
1584694069.087755,10.10.0.10,173.194.163.76,,,40826,443,0,37,17
1584694069.092783,173.194.163.76,10.10.0.10,,,443,40826,0,1358,17
1584694069.0993302,173.194.163.76,10.10.0.10,,,443,40826,0,1358,17
1584694069.1008909,10.10.0.10,173.194.163.76,,,40826,443,0,50,17
1584694069.105882,173.194.163.76,10.10.0.10,,,443,40826,0,1358,17
1584694069.1124358,173.194.163.76,10.10.0.10,,,443,40826,0,1358,17
1584694069.114134,10.10.0.10,173.194.163.76,,,40826,443,0,37,17
1584694069.1189892,173.194.163.76,10.10.0.10,,,443,40826,0,1358,17
1584694069.1255412,173.194.163.76,10.10.0.10,,,443,40826,0,1358,17
1584694069.1279962,10.10.0.10,173.194.163.76,,,40826,443,0,37,17
1584694069.132086,173.194.163.76,10.10.0.10,,,443,40826,0,1358,17
1584694069.1386368,173.194.163.76,10.10.0.10,,,443,40826,0,1358,17
1584694069.1405082,10.10.0.10,173.194.163.76,,,40826,443,0,37,17
1584694069.145188,173.194.163.76,10.10.0.10,,,443,40826,0,1358,17
1584694069.151747,173.194.163.76,10.10.0.10,,,443,40826,0,29,17
1584694069.1520338,173.194.163.76,10.10.0.10,,,443,40826,0,1358,17
1584694069.153673,10.10.0.10,173.194.163.76,,,40826,443,0,37,17
1584694069.1585894,173.194.163.76,10.10.0.10,,,443,40826,0,1358,17
1584694069.1651402,173.194.163.76,10.10.0.10,,,443,40826,0,1358,17
1584694069.1669009,10.10.0.10,173.194.163.76,,,40826,443,0,37,17
1584694069.1717026,173.194.163.76,10.10.0.10,,,443,40826,0,1358,17
1584694069.178241,173.194.163.76,10.10.0.10,,,443,40826,0,1358,17
1584694069.1800199,10.10.0.10,173.194.163.76,,,40826,443,0,37,17
1584694069.1847868,173.194.163.76,10.10.0.10,,,443,40826,0,1358,17
1584694069.1913388,173.194.163.76,10.10.0.10,,,443,40826,0,1358,17
1584694069.1929052,10.10.0.10,173.194.163.76,,,40826,443,0,37,17
1584694069.1978948,173.194.163.76,10.10.0.10,,,443,40826,0,1358,17
1584694069.204438,173.194.163.76,10.10.0.10,,,443,40826,0,1358,17
1584694069.207143,10.10.0.10,173.194.163.76,,,40826,443,0,37,17
1584694069.210992,173.194.163.76,10.10.0.10,,,443,40826,0,1358,17
1584694069.2175386,173.194.163.76,10.10.0.10,,,443,40826,0,1358,17
1584694069.2189882,10.10.0.10,173.194.163.76,,,40826,443,0,37,17
1584694069.22409,173.194.163.76,10.10.0.10,,,443,40826,0,1358,17
1584694069.230648,173.194.163.76,10.10.0.10,,,443,40826,0,1358,17
1584694069.234638,10.10.0.10,173.194.163.76,,,40826,443,0,37,17
1584694069.2371929,173.194.163.76,10.10.0.10,,,443,40826,0,1358,17
1584694069.243742,173.194.163.76,10.10.0.10,,,443,40826,0,1358,17
1584694069.246049,10.10.0.10,173.194.163.76,,,40826,443,0,37,17
1584694069.250296,173.194.163.76,10.10.0.10,,,443,40826,0,1358,17
1584694069.256844,173.194.163.76,10.10.0.10,,,443,40826,0,1358,17
1584694069.2584,10.10.0.10,173.194.163.76,,,40826,443,0,37,17
1584694069.263416,173.194.163.76,10.10.0.10,,,443,40826,0,1358,17
1584694069.2699509,173.194.163.76,10.10.0.10,,,443,40826,0,1358,17
1584694069.271545,10.10.0.10,173.194.163.76,,,40826,443,0,37,17
1584694069.2764974,173.194.163.76,10.10.0.10,,,443,40826,0,1358,17
1584694069.2830696,173.194.163.76,10.10.0.10,,,443,40826,0,1358,17
1584694069.284784,10.10.0.10,173.194.163.76,,,40826,443,0,37,17
1584694069.2896,173.194.163.76,10.10.0.10,,,443,40826,0,1358,17
1584694069.2961464,173.194.163.76,10.10.0.10,,,443,40826,0,1358,17
1584694069.29815,10.10.0.10,173.194.163.76,,,40826,443,0,37,17
1584694069.3027024,173.194.163.76,10.10.0.10,,,443,40826,0,1358,17
1584694069.309257,173.194.163.76,10.10.0.10,,,443,40826,0,1358,17
1584694069.311169,10.10.0.10,173.194.163.76,,,40826,443,0,37,17
1584694069.3158178,173.194.163.76,10.10.0.10,,,443,40826,0,1358,17
1584694069.3223548,173.194.163.76,10.10.0.10,,,443,40826,0,1358,17
1584694069.323909,10.10.0.10,173.194.163.76,,,40826,443,0,37,17
1584694069.3289068,173.194.163.76,10.10.0.10,,,443,40826,0,1358,17
1584694069.335454,173.194.163.76,10.10.0.10,,,443,40826,0,1358,17
1584694069.3372939,10.10.0.10,173.194.163.76,,,40826,443,0,37,17
1584694069.342005,173.194.163.76,10.10.0.10,,,443,40826,0,1358,17
1584694069.3485725,173.194.163.76,10.10.0.10,,,443,40826,0,1358,17
1584694069.3551102,173.194.163.76,10.10.0.10,,,443,40826,0,1358,17
1584694069.3616602,173.194.163.76,10.10.0.10,,,443,40826,0,1358,17
1584694069.368209,173.194.163.76,10.10.0.10,,,443,40826,0,1358,17
1584694069.370917,10.10.0.10,173.194.163.76,,,40826,443,0,37,17
1584694069.371274,10.10.0.10,173.194.163.76,,,40826,443,0,50,17
1584694069.374758,173.194.163.76,10.10.0.10,,,443,40826,0,1358,17
1584694069.376413,10.10.0.10,173.194.163.76,,,40826,443,0,37,17
1584694069.381319,173.194.163.76,10.10.0.10,,,443,40826,0,1358,17
1584694069.3878589,173.194.163.76,10.10.0.10,,,443,40826,0,1358,17
1584694069.389384,10.10.0.10,173.194.163.76,,,40826,443,0,37,17
1584694069.3944125,173.194.163.76,10.10.0.10,,,443,40826,0,1358,17
1584694069.4009662,173.194.163.76,10.10.0.10,,,443,40826,0,1358,17
1584694069.403169,10.10.0.10,173.194.163.76,,,40826,443,0,37,17
1584694069.407512,173.194.163.76,10.10.0.10,,,443,40826,0,1358,17
1584694069.4140694,173.194.163.76,10.10.0.10,,,443,40826,0,1358,17
1584694069.4169226,10.10.0.10,173.194.163.76,,,40826,443,0,37,17
1584694069.4206278,173.194.163.76,10.10.0.10,,,443,40826,0,1358,17
1584694069.427167,173.194.163.76,10.10.0.10,,,443,40826,0,1358,17
1584694069.428764,10.10.0.10,173.194.163.76,,,40826,443,0,37,17
1584694069.4337142,173.194.163.76,10.10.0.10,,,443,40826,0,1358,17
1584694069.4402661,173.194.163.76,10.10.0.10,,,443,40826,0,1358,17
1584694069.4417722,10.10.0.10,173.194.163.76,,,40826,443,0,37,17
1584694069.446817,173.194.163.76,10.10.0.10,,,443,40826,0,1358,17
1584694069.453377,173.194.163.76,10.10.0.10,,,443,40826,0,1358,17
1584694069.454769,10.10.0.10,173.194.163.76,,,40826,443,0,37,17
1584694069.459942,173.194.163.76,10.10.0.10,,,443,40826,0,1358,17
1584694069.466465,173.194.163.76,10.10.0.10,,,443,40826,0,831,17
1584694069.4678931,10.10.0.10,173.194.163.76,,,40826,443,0,37,17
1584694069.9970338,10.10.0.10,173.194.163.76,,,40826,443,0,725,17
1584694069.9970634,10.10.0.10,173.194.163.76,,,40826,443,0,48,17
1584694070.0013769,173.194.163.76,10.10.0.10,,,443,40826,0,29,17
1584694070.0015225,173.194.163.76,10.10.0.10,,,443,40826,0,1358,17
1584694070.001559,173.194.163.76,10.10.0.10,,,443,40826,0,1358,17
1584694070.003882,10.10.0.10,173.194.163.76,,,40826,443,0,37,17
1584694070.007254,173.194.163.76,10.10.0.10,,,443,40826,0,1358,17
1584694070.01381,173.194.163.76,10.10.0.10,,,443,40826,0,1358,17
1584694070.01561,10.10.0.10,173.194.163.76,,,40826,443,0,37,17
1584694070.020351,173.194.163.76,10.10.0.10,,,443,40826,0,1358,17
1584694070.026923,173.194.163.76,10.10.0.10,,,443,40826,0,1358,17
1584694070.0288448,10.10.0.10,173.194.163.76,,,40826,443,0,37,17
1584694070.0334525,173.194.163.76,10.10.0.10,,,443,40826,0,1358,17
1584694070.0400028,173.194.163.76,10.10.0.10,,,443,40826,0,1358,17
1584694070.0414991,10.10.0.10,173.194.163.76,,,40826,443,0,37,17
1584694070.046549,173.194.163.76,10.10.0.10,,,443,40826,0,1358,17
1584694070.05311,173.194.163.76,10.10.0.10,,,443,40826,0,1358,17
1584694070.054761,10.10.0.10,173.194.163.76,,,40826,443,0,37,17
1584694070.0596552,173.194.163.76,10.10.0.10,,,443,40826,0,1358,17
1584694070.066209,173.194.163.76,10.10.0.10,,,443,40826,0,1358,17
1584694070.0677269,10.10.0.10,173.194.163.76,,,40826,443,0,37,17
1584694070.072754,173.194.163.76,10.10.0.10,,,443,40826,0,1358,17
1584694070.0793068,173.194.163.76,10.10.0.10,,,443,40826,0,1358,17
1584694070.0810301,10.10.0.10,173.194.163.76,,,40826,443,0,37,17
1584694070.085857,173.194.163.76,10.10.0.10,,,443,40826,0,1358,17
1584694070.092408,173.194.163.76,10.10.0.10,,,443,40826,0,1358,17
1584694070.094021,10.10.0.10,173.194.163.76,,,40826,443,0,37,17
1584694070.09897,173.194.163.76,10.10.0.10,,,443,40826,0,1358,17
1584694070.105508,173.194.163.76,10.10.0.10,,,443,40826,0,1358,17
1584694070.106976,10.10.0.10,173.194.163.76,,,40826,443,0,37,17
1584694070.1120589,173.194.163.76,10.10.0.10,,,443,40826,0,1358,17
1584694070.118609,173.194.163.76,10.10.0.10,,,443,40826,0,1358,17
1584694070.120503,10.10.0.10,173.194.163.76,,,40826,443,0,37,17
1584694070.125157,173.194.163.76,10.10.0.10,,,443,40826,0,1358,17
1584694070.131734,173.194.163.76,10.10.0.10,,,443,40826,0,1358,17
1584694070.138271,173.194.163.76,10.10.0.10,,,443,40826,0,1358,17
1584694070.140769,10.10.0.10,173.194.163.76,,,40826,443,0,37,17
1584694070.144815,173.194.163.76,10.10.0.10,,,443,40826,0,1358,17
1584694070.146875,10.10.0.10,173.194.163.76,,,40826,443,0,37,17
1584694070.151381,173.194.163.76,10.10.0.10,,,443,40826,0,1358,17
1584694070.15792,173.194.163.76,10.10.0.10,,,443,40826,0,1358,17
1584694070.1598759,10.10.0.10,173.194.163.76,,,40826,443,0,37,17
1584694070.164464,173.194.163.76,10.10.0.10,,,443,40826,0,1358,17
1584694070.171017,173.194.163.76,10.10.0.10,,,443,40826,0,1358,17
1584694070.1728704,10.10.0.10,173.194.163.76,,,40826,443,0,37,17
1584694070.1775632,173.194.163.76,10.10.0.10,,,443,40826,0,1358,17
1584694070.1841118,173.194.163.76,10.10.0.10,,,443,40826,0,1358,17
1584694070.189844,10.10.0.10,173.194.163.76,,,40826,443,0,37,17
1584694070.190665,173.194.163.76,10.10.0.10,,,443,40826,0,1358,17
1584694070.197231,173.194.163.76,10.10.0.10,,,443,40826,0,1358,17
1584694070.1989708,10.10.0.10,173.194.163.76,,,40826,443,0,37,17
1584694070.203767,173.194.163.76,10.10.0.10,,,443,40826,0,1358,17
1584694070.210314,173.194.163.76,10.10.0.10,,,443,40826,0,1358,17
1584694070.211711,10.10.0.10,173.194.163.76,,,40826,443,0,37,17
1584694070.216868,173.194.163.76,10.10.0.10,,,443,40826,0,1358,17
1584694070.223424,173.194.163.76,10.10.0.10,,,443,40826,0,1358,17
1584694070.2251348,10.10.0.10,173.194.163.76,,,40826,443,0,37,17
1584694070.2299802,173.194.163.76,10.10.0.10,,,443,40826,0,1358,17
1584694070.236521,173.194.163.76,10.10.0.10,,,443,40826,0,1358,17
1584694070.2395902,10.10.0.10,173.194.163.76,,,40826,443,0,37,17
1584694070.2430828,173.194.163.76,10.10.0.10,,,443,40826,0,1358,17
1584694070.2496278,173.194.163.76,10.10.0.10,,,443,40826,0,1358,17
1584694070.2557259,10.10.0.10,173.194.163.76,,,40826,443,0,50,17
1584694070.2561731,173.194.163.76,10.10.0.10,,,443,40826,0,1358,17
1584694070.2627325,173.194.163.76,10.10.0.10,,,443,40826,0,1358,17
1584694070.2643511,10.10.0.10,173.194.163.76,,,40826,443,0,37,17
1584694070.269275,173.194.163.76,10.10.0.10,,,443,40826,0,1358,17
1584694070.27583,173.194.163.76,10.10.0.10,,,443,40826,0,1358,17
1584694070.277391,10.10.0.10,173.194.163.76,,,40826,443,0,37,17
1584694070.282375,173.194.163.76,10.10.0.10,,,443,40826,0,1358,17
1584694070.2889302,173.194.163.76,10.10.0.10,,,443,40826,0,1358,17
1584694070.2905116,10.10.0.10,173.194.163.76,,,40826,443,0,37,17
1584694070.29548,173.194.163.76,10.10.0.10,,,443,40826,0,1358,17
1584694070.3020446,173.194.163.76,10.10.0.10,,,443,40826,0,1358,17
1584694070.303621,10.10.0.10,173.194.163.76,,,40826,443,0,37,17
1584694070.3085759,173.194.163.76,10.10.0.10,,,443,40826,0,1358,17
1584694070.315131,173.194.163.76,10.10.0.10,,,443,40826,0,1358,17
1584694070.3166132,10.10.0.10,173.194.163.76,,,40826,443,0,37,17
1584694070.321683,173.194.163.76,10.10.0.10,,,443,40826,0,1358,17
1584694070.3282278,173.194.163.76,10.10.0.10,,,443,40826,0,1358,17
1584694070.3302374,10.10.0.10,173.194.163.76,,,40826,443,0,37,17
1584694070.3347802,173.194.163.76,10.10.0.10,,,443,40826,0,1358,17
1584694070.341353,173.194.163.76,10.10.0.10,,,443,40826,0,1358,17
1584694070.34297,10.10.0.10,173.194.163.76,,,40826,443,0,37,17
1584694070.3478858,173.194.163.76,10.10.0.10,,,443,40826,0,1358,17
1584694070.354435,173.194.163.76,10.10.0.10,,,443,40826,0,1358,17
1584694070.3571188,10.10.0.10,173.194.163.76,,,40826,443,0,37,17
1584694070.360987,173.194.163.76,10.10.0.10,,,443,40826,0,1358,17
1584694070.367541,173.194.163.76,10.10.0.10,,,443,40826,0,1358,17
1584694070.369138,10.10.0.10,173.194.163.76,,,40826,443,0,37,17
1584694070.3741019,173.194.163.76,10.10.0.10,,,443,40826,0,1358,17
1584694070.3806362,173.194.163.76,10.10.0.10,,,443,40826,0,1358,17
1584694070.3823366,10.10.0.10,173.194.163.76,,,40826,443,0,37,17
1584694070.3871891,173.194.163.76,10.10.0.10,,,443,40826,0,1358,17
1584694070.3937402,173.194.163.76,10.10.0.10,,,443,40826,0,1358,17
1584694070.3956199,10.10.0.10,173.194.163.76,,,40826,443,0,37,17
1584694070.400285,173.194.163.76,10.10.0.10,,,443,40826,0,1358,17
1584694070.4068508,173.194.163.76,10.10.0.10,,,443,40826,0,1358,17
1584694070.4083722,10.10.0.10,173.194.163.76,,,40826,443,0,37,17
1584694070.4134042,173.194.163.76,10.10.0.10,,,443,40826,0,1358,17
1584694070.4199398,173.194.163.76,10.10.0.10,,,443,40826,0,1358,17
1584694070.421511,10.10.0.10,173.194.163.76,,,40826,443,0,37,17
1584694070.4264908,173.194.163.76,10.10.0.10,,,443,40826,0,1358,17
1584694070.433044,173.194.163.76,10.10.0.10,,,443,40826,0,1358,17
1584694070.434839,10.10.0.10,173.194.163.76,,,40826,443,0,37,17
1584694070.43959,173.194.163.76,10.10.0.10,,,443,40826,0,1358,17
1584694070.446161,173.194.163.76,10.10.0.10,,,443,40826,0,1358,17
1584694070.4481359,10.10.0.10,173.194.163.76,,,40826,443,0,37,17
1584694070.4526932,173.194.163.76,10.10.0.10,,,443,40826,0,1358,17
1584694070.4592445,173.194.163.76,10.10.0.10,,,443,40826,0,1358,17
1584694070.461616,10.10.0.10,173.194.163.76,,,40826,443,0,37,17
1584694070.4657948,173.194.163.76,10.10.0.10,,,443,40826,0,1358,17
1584694070.4723492,173.194.163.76,10.10.0.10,,,443,40826,0,1358,17
1584694070.474011,10.10.0.10,173.194.163.76,,,40826,443,0,37,17
1584694070.478911,173.194.163.76,10.10.0.10,,,443,40826,0,1358,17
1584694070.4854481,173.194.163.76,10.10.0.10,,,443,40826,0,1358,17
1584694070.4878569,10.10.0.10,173.194.163.76,,,40826,443,0,37,17
1584694070.492001,173.194.163.76,10.10.0.10,,,443,40826,0,1358,17
1584694070.4985502,173.194.163.76,10.10.0.10,,,443,40826,0,1358,17
1584694070.5002599,10.10.0.10,173.194.163.76,,,40826,443,0,37,17
1584694070.5050988,173.194.163.76,10.10.0.10,,,443,40826,0,1358,17
1584694070.5116675,173.194.163.76,10.10.0.10,,,443,40826,0,1358,17
1584694070.513365,10.10.0.10,173.194.163.76,,,40826,443,0,50,17
1584694070.518199,173.194.163.76,10.10.0.10,,,443,40826,0,1358,17
1584694070.5247526,173.194.163.76,10.10.0.10,,,443,40826,0,1358,17
1584694070.5267632,10.10.0.10,173.194.163.76,,,40826,443,0,37,17
1584694070.5312998,173.194.163.76,10.10.0.10,,,443,40826,0,1358,17
1584694070.537852,173.194.163.76,10.10.0.10,,,443,40826,0,1358,17
1584694070.539636,10.10.0.10,173.194.163.76,,,40826,443,0,37,17
1584694070.544414,173.194.163.76,10.10.0.10,,,443,40826,0,1358,17
1584694070.550953,173.194.163.76,10.10.0.10,,,443,40826,0,1358,17
1584694070.552614,10.10.0.10,173.194.163.76,,,40826,443,0,37,17
1584694070.557516,173.194.163.76,10.10.0.10,,,443,40826,0,1358,17
1584694070.5640562,173.194.163.76,10.10.0.10,,,443,40826,0,1358,17
1584694070.565606,10.10.0.10,173.194.163.76,,,40826,443,0,37,17
1584694070.570605,173.194.163.76,10.10.0.10,,,443,40826,0,1358,17
1584694070.5771608,173.194.163.76,10.10.0.10,,,443,40826,0,1358,17
1584694070.578882,10.10.0.10,173.194.163.76,,,40826,443,0,37,17
1584694070.5837252,173.194.163.76,10.10.0.10,,,443,40826,0,1358,17
1584694070.5902581,173.194.163.76,10.10.0.10,,,443,40826,0,1358,17
1584694070.591865,10.10.0.10,173.194.163.76,,,40826,443,0,37,17
1584694070.596807,173.194.163.76,10.10.0.10,,,443,40826,0,1358,17
1584694070.603357,173.194.163.76,10.10.0.10,,,443,40826,0,1358,17
1584694070.6050036,10.10.0.10,173.194.163.76,,,40826,443,0,37,17
1584694070.609909,173.194.163.76,10.10.0.10,,,443,40826,0,1358,17
1584694070.6164699,173.194.163.76,10.10.0.10,,,443,40826,0,1358,17
1584694070.618113,10.10.0.10,173.194.163.76,,,40826,443,0,37,17
1584694070.6230042,173.194.163.76,10.10.0.10,,,443,40826,0,1358,17
1584694070.62956,173.194.163.76,10.10.0.10,,,443,40826,0,1358,17
1584694070.636106,173.194.163.76,10.10.0.10,,,443,40826,0,1358,17
1584694070.6426618,173.194.163.76,10.10.0.10,,,443,40826,0,1358,17
1584694070.6492198,173.194.163.76,10.10.0.10,,,443,40826,0,1358,17
1584694070.6517591,10.10.0.10,173.194.163.76,,,40826,443,0,37,17
1584694070.653008,10.10.0.10,173.194.163.76,,,40826,443,0,37,17
1584694070.6557796,173.194.163.76,10.10.0.10,,,443,40826,0,1358,17
1584694070.657756,10.10.0.10,173.194.163.76,,,40826,443,0,37,17
1584694070.662312,173.194.163.76,10.10.0.10,,,443,40826,0,1358,17
1584694070.668863,173.194.163.76,10.10.0.10,,,443,40826,0,1358,17
1584694070.670489,10.10.0.10,173.194.163.76,,,40826,443,0,37,17
1584694070.675409,173.194.163.76,10.10.0.10,,,443,40826,0,1358,17
1584694070.681967,173.194.163.76,10.10.0.10,,,443,40826,0,1358,17
1584694070.683754,10.10.0.10,173.194.163.76,,,40826,443,0,37,17
1584694070.68852,173.194.163.76,10.10.0.10,,,443,40826,0,1358,17
1584694070.695068,173.194.163.76,10.10.0.10,,,443,40826,0,1358,17
1584694070.6967342,10.10.0.10,173.194.163.76,,,40826,443,0,37,17
1584694070.7016132,173.194.163.76,10.10.0.10,,,443,40826,0,1358,17
1584694070.7081661,173.194.163.76,10.10.0.10,,,443,40826,0,1358,17
1584694070.70988,10.10.0.10,173.194.163.76,,,40826,443,0,37,17
1584694070.7147162,173.194.163.76,10.10.0.10,,,443,40826,0,1358,17
1584694070.7212641,173.194.163.76,10.10.0.10,,,443,40826,0,1358,17
1584694070.7230039,10.10.0.10,173.194.163.76,,,40826,443,0,37,17
1584694070.727818,173.194.163.76,10.10.0.10,,,443,40826,0,1358,17
1584694070.73437,173.194.163.76,10.10.0.10,,,443,40826,0,1358,17
1584694070.7361288,10.10.0.10,173.194.163.76,,,40826,443,0,37,17
1584694070.7409158,173.194.163.76,10.10.0.10,,,443,40826,0,1358,17
1584694070.7474694,173.194.163.76,10.10.0.10,,,443,40826,0,1358,17
1584694070.749482,10.10.0.10,173.194.163.76,,,40826,443,0,37,17
1584694070.75403,173.194.163.76,10.10.0.10,,,443,40826,0,1358,17
1584694070.7605708,173.194.163.76,10.10.0.10,,,443,40826,0,1358,17
1584694070.762254,10.10.0.10,173.194.163.76,,,40826,443,0,37,17
1584694070.767122,173.194.163.76,10.10.0.10,,,443,40826,0,1358,17
1584694070.7736838,173.194.163.76,10.10.0.10,,,443,40826,0,1358,17
1584694070.775482,10.10.0.10,173.194.163.76,,,40826,443,0,50,17
1584694070.780226,173.194.163.76,10.10.0.10,,,443,40826,0,1358,17
1584694070.78678,173.194.163.76,10.10.0.10,,,443,40826,0,1358,17
1584694070.7883468,10.10.0.10,173.194.163.76,,,40826,443,0,37,17
1584694070.7933402,173.194.163.76,10.10.0.10,,,443,40826,0,1358,17
1584694070.7998738,173.194.163.76,10.10.0.10,,,443,40826,0,1358,17
1584694070.801481,10.10.0.10,173.194.163.76,,,40826,443,0,37,17
1584694070.8064268,173.194.163.76,10.10.0.10,,,443,40826,0,1358,17
1584694070.8129768,173.194.163.76,10.10.0.10,,,443,40826,0,1358,17
1584694070.8156278,10.10.0.10,173.194.163.76,,,40826,443,0,37,17
1584694070.8195221,173.194.163.76,10.10.0.10,,,443,40826,0,1358,17
1584694070.8260891,173.194.163.76,10.10.0.10,,,443,40826,0,1358,17
1584694070.827876,10.10.0.10,173.194.163.76,,,40826,443,0,37,17
1584694070.832624,173.194.163.76,10.10.0.10,,,443,40826,0,1358,17
1584694070.8391778,173.194.163.76,10.10.0.10,,,443,40826,0,1358,17
1584694070.840875,10.10.0.10,173.194.163.76,,,40826,443,0,37,17
1584694070.845727,173.194.163.76,10.10.0.10,,,443,40826,0,1358,17
1584694070.852275,173.194.163.76,10.10.0.10,,,443,40826,0,1358,17
1584694070.855502,10.10.0.10,173.194.163.76,,,40826,443,0,37,17
1584694070.858841,173.194.163.76,10.10.0.10,,,443,40826,0,1358,17
1584694070.865403,173.194.163.76,10.10.0.10,,,443,40826,0,1358,17
1584694070.868624,10.10.0.10,173.194.163.76,,,40826,443,0,37,17
1584694070.871938,173.194.163.76,10.10.0.10,,,443,40826,0,1358,17
1584694070.8784778,173.194.163.76,10.10.0.10,,,443,40826,0,1358,17
1584694070.880252,10.10.0.10,173.194.163.76,,,40826,443,0,37,17
1584694070.885033,173.194.163.76,10.10.0.10,,,443,40826,0,1358,17
1584694070.891579,173.194.163.76,10.10.0.10,,,443,40826,0,1358,17
1584694070.893105,10.10.0.10,173.194.163.76,,,40826,443,0,37,17
1584694070.89815,173.194.163.76,10.10.0.10,,,443,40826,0,1358,17
1584694070.904684,173.194.163.76,10.10.0.10,,,443,40826,0,1358,17
1584694070.906376,10.10.0.10,173.194.163.76,,,40826,443,0,37,17
1584694070.911237,173.194.163.76,10.10.0.10,,,443,40826,0,1358,17
1584694070.917785,173.194.163.76,10.10.0.10,,,443,40826,0,1358,17
1584694070.919848,10.10.0.10,173.194.163.76,,,40826,443,0,37,17
1584694070.924334,173.194.163.76,10.10.0.10,,,443,40826,0,1358,17
1584694070.930883,173.194.163.76,10.10.0.10,,,443,40826,0,1358,17
1584694070.932751,10.10.0.10,173.194.163.76,,,40826,443,0,37,17
1584694070.9374359,173.194.163.76,10.10.0.10,,,443,40826,0,1358,17
1584694070.943984,173.194.163.76,10.10.0.10,,,443,40826,0,1358,17
1584694070.9459972,10.10.0.10,173.194.163.76,,,40826,443,0,37,17
1584694070.950542,173.194.163.76,10.10.0.10,,,443,40826,0,1358,17
1584694070.9570842,173.194.163.76,10.10.0.10,,,443,40826,0,1358,17
1584694070.9587214,10.10.0.10,173.194.163.76,,,40826,443,0,37,17
1584694070.963634,173.194.163.76,10.10.0.10,,,443,40826,0,1358,17
1584694070.970192,173.194.163.76,10.10.0.10,,,443,40826,0,1358,17
1584694070.974351,10.10.0.10,173.194.163.76,,,40826,443,0,37,17
1584694070.9767456,173.194.163.76,10.10.0.10,,,443,40826,0,1358,17
1584694070.983292,173.194.163.76,10.10.0.10,,,443,40826,0,1358,17
1584694070.989843,173.194.163.76,10.10.0.10,,,443,40826,0,1358,17
1584694070.989983,10.10.0.10,173.194.163.76,,,40826,443,0,37,17
1584694070.9963868,173.194.163.76,10.10.0.10,,,443,40826,0,1358,17
1584694070.998089,10.10.0.10,173.194.163.76,,,40826,443,0,37,17
1584694071.002938,173.194.163.76,10.10.0.10,,,443,40826,0,1358,17
1584694071.009506,173.194.163.76,10.10.0.10,,,443,40826,0,1358,17
1584694071.013984,10.10.0.10,173.194.163.76,,,40826,443,0,37,17
1584694071.01604,173.194.163.76,10.10.0.10,,,443,40826,0,1358,17
1584694071.019383,10.10.0.10,173.194.163.76,,,40826,443,0,730,17
1584694071.019406,10.10.0.10,173.194.163.76,,,40826,443,0,48,17
1584694071.022592,173.194.163.76,10.10.0.10,,,443,40826,0,1358,17
1584694071.0291471,173.194.163.76,10.10.0.10,,,443,40826,0,1358,17
1584694071.0308619,10.10.0.10,173.194.163.76,,,40826,443,0,37,17
1584694071.035707,173.194.163.76,10.10.0.10,,,443,40826,0,1358,17
1584694071.0422692,173.194.163.76,10.10.0.10,,,443,40826,0,1358,17
1584694071.043831,10.10.0.10,173.194.163.76,,,40826,443,0,37,17
1584694071.0487962,173.194.163.76,10.10.0.10,,,443,40826,0,1358,17
1584694071.0553432,173.194.163.76,10.10.0.10,,,443,40826,0,1358,17
1584694071.057209,10.10.0.10,173.194.163.76,,,40826,443,0,37,17
1584694071.061906,173.194.163.76,10.10.0.10,,,443,40826,0,1358,17
1584694071.068449,173.194.163.76,10.10.0.10,,,443,40826,0,29,17
1584694071.068737,173.194.163.76,10.10.0.10,,,443,40826,0,1358,17
1584694071.070227,10.10.0.10,173.194.163.76,,,40826,443,0,37,17
1584694071.075295,173.194.163.76,10.10.0.10,,,443,40826,0,1358,17
1584694071.081846,173.194.163.76,10.10.0.10,,,443,40826,0,1358,17
1584694071.0833118,10.10.0.10,173.194.163.76,,,40826,443,0,37,17
1584694071.088396,173.194.163.76,10.10.0.10,,,443,40826,0,1358,17
1584694071.0949461,173.194.163.76,10.10.0.10,,,443,40826,0,1358,17
1584694071.096849,10.10.0.10,173.194.163.76,,,40826,443,0,37,17
1584694071.101496,173.194.163.76,10.10.0.10,,,443,40826,0,1358,17
1584694071.1080532,173.194.163.76,10.10.0.10,,,443,40826,0,1358,17
1584694071.10995,10.10.0.10,173.194.163.76,,,40826,443,0,37,17
1584694071.1146042,173.194.163.76,10.10.0.10,,,443,40826,0,1358,17
1584694071.121148,173.194.163.76,10.10.0.10,,,443,40826,0,1358,17
1584694071.1233509,10.10.0.10,173.194.163.76,,,40826,443,0,37,17
1584694071.127694,173.194.163.76,10.10.0.10,,,443,40826,0,1358,17
1584694071.13425,173.194.163.76,10.10.0.10,,,443,40826,0,1358,17
1584694071.1358454,10.10.0.10,173.194.163.76,,,40826,443,0,37,17
1584694071.1408072,173.194.163.76,10.10.0.10,,,443,40826,0,1358,17
1584694071.147349,173.194.163.76,10.10.0.10,,,443,40826,0,1358,17
1584694071.148866,10.10.0.10,173.194.163.76,,,40826,443,0,37,17
1584694071.1539,173.194.163.76,10.10.0.10,,,443,40826,0,1358,17
1584694071.160448,173.194.163.76,10.10.0.10,,,443,40826,0,1358,17
1584694071.161992,10.10.0.10,173.194.163.76,,,40826,443,0,37,17
1584694071.167019,173.194.163.76,10.10.0.10,,,443,40826,0,1358,17
1584694071.1735554,173.194.163.76,10.10.0.10,,,443,40826,0,1358,17
1584694071.1779716,10.10.0.10,173.194.163.76,,,40826,443,0,37,17
1584694071.1801012,173.194.163.76,10.10.0.10,,,443,40826,0,1358,17
1584694071.186657,173.194.163.76,10.10.0.10,,,443,40826,0,1358,17
1584694071.188616,10.10.0.10,173.194.163.76,,,40826,443,0,37,17
1584694071.193209,173.194.163.76,10.10.0.10,,,443,40826,0,1358,17
1584694071.199769,173.194.163.76,10.10.0.10,,,443,40826,0,1358,17
1584694071.2013652,10.10.0.10,173.194.163.76,,,40826,443,0,37,17
1584694071.206309,173.194.163.76,10.10.0.10,,,443,40826,0,1358,17
1584694071.2128599,173.194.163.76,10.10.0.10,,,443,40826,0,1358,17
1584694071.2144618,10.10.0.10,173.194.163.76,,,40826,443,0,37,17
1584694071.219409,173.194.163.76,10.10.0.10,,,443,40826,0,1358,17
1584694071.22596,173.194.163.76,10.10.0.10,,,443,40826,0,1358,17
1584694071.227471,10.10.0.10,173.194.163.76,,,40826,443,0,37,17
1584694071.232517,173.194.163.76,10.10.0.10,,,443,40826,0,1358,17
1584694071.239078,173.194.163.76,10.10.0.10,,,443,40826,0,1358,17
1584694071.2407188,10.10.0.10,173.194.163.76,,,40826,443,0,37,17
1584694071.245612,173.194.163.76,10.10.0.10,,,443,40826,0,1358,17
1584694071.2521641,173.194.163.76,10.10.0.10,,,443,40826,0,1358,17
1584694071.2539892,10.10.0.10,173.194.163.76,,,40826,443,0,37,17
1584694071.258713,173.194.163.76,10.10.0.10,,,443,40826,0,1358,17
1584694071.265265,173.194.163.76,10.10.0.10,,,443,40826,0,1358,17
1584694071.2676141,10.10.0.10,173.194.163.76,,,40826,443,0,37,17
1584694071.271827,173.194.163.76,10.10.0.10,,,443,40826,0,1358,17
1584694071.2783642,173.194.163.76,10.10.0.10,,,443,40826,0,1358,17
1584694071.2811162,10.10.0.10,173.194.163.76,,,40826,443,0,50,17
1584694071.2849169,173.194.163.76,10.10.0.10,,,443,40826,0,1358,17
1584694071.291468,173.194.163.76,10.10.0.10,,,443,40826,0,1358,17
1584694071.2937171,10.10.0.10,173.194.163.76,,,40826,443,0,37,17
1584694071.298015,173.194.163.76,10.10.0.10,,,443,40826,0,1358,17
1584694071.304575,173.194.163.76,10.10.0.10,,,443,40826,0,1358,17
1584694071.307614,10.10.0.10,173.194.163.76,,,40826,443,0,37,17
1584694071.3111384,173.194.163.76,10.10.0.10,,,443,40826,0,1358,17
1584694071.3176696,173.194.163.76,10.10.0.10,,,443,40826,0,1358,17
1584694071.3193429,10.10.0.10,173.194.163.76,,,40826,443,0,37,17
1584694071.3242278,173.194.163.76,10.10.0.10,,,443,40826,0,1358,17
1584694071.33077,173.194.163.76,10.10.0.10,,,443,40826,0,1358,17
1584694071.3325946,10.10.0.10,173.194.163.76,,,40826,443,0,37,17
1584694071.337325,173.194.163.76,10.10.0.10,,,443,40826,0,1358,17
1584694071.34389,173.194.163.76,10.10.0.10,,,443,40826,0,1358,17
1584694071.345466,10.10.0.10,173.194.163.76,,,40826,443,0,37,17
1584694071.3504198,173.194.163.76,10.10.0.10,,,443,40826,0,1358,17
1584694071.356968,173.194.163.76,10.10.0.10,,,443,40826,0,1358,17
1584694071.3584669,10.10.0.10,173.194.163.76,,,40826,443,0,37,17
1584694071.363518,173.194.163.76,10.10.0.10,,,443,40826,0,1358,17
1584694071.3700724,173.194.163.76,10.10.0.10,,,443,40826,0,1358,17
1584694071.371583,10.10.0.10,173.194.163.76,,,40826,443,0,37,17
1584694071.376641,173.194.163.76,10.10.0.10,,,443,40826,0,1358,17
1584694071.3831742,173.194.163.76,10.10.0.10,,,443,40826,0,1358,17
1584694071.385361,10.10.0.10,173.194.163.76,,,40826,443,0,37,17
1584694071.3897266,173.194.163.76,10.10.0.10,,,443,40826,0,1358,17
1584694071.3962748,173.194.163.76,10.10.0.10,,,443,40826,0,1358,17
1584694071.3977304,10.10.0.10,173.194.163.76,,,40826,443,0,37,17
1584694071.4028249,173.194.163.76,10.10.0.10,,,443,40826,0,1358,17
1584694071.409388,173.194.163.76,10.10.0.10,,,443,40826,0,1358,17
1584694071.4111106,10.10.0.10,173.194.163.76,,,40826,443,0,37,17
1584694071.415927,173.194.163.76,10.10.0.10,,,443,40826,0,1358,17
1584694071.422477,173.194.163.76,10.10.0.10,,,443,40826,0,1358,17
1584694071.424216,10.10.0.10,173.194.163.76,,,40826,443,0,37,17
1584694071.4290278,173.194.163.76,10.10.0.10,,,443,40826,0,1358,17
1584694071.4355805,173.194.163.76,10.10.0.10,,,443,40826,0,1358,17
1584694071.4372349,10.10.0.10,173.194.163.76,,,40826,443,0,37,17
1584694071.4421306,173.194.163.76,10.10.0.10,,,443,40826,0,1358,17
1584694071.4486961,173.194.163.76,10.10.0.10,,,443,40826,0,1358,17
1584694071.4503381,10.10.0.10,173.194.163.76,,,40826,443,0,37,17
1584694071.455952,173.194.163.76,10.10.0.10,,,443,40826,0,1358,17
1584694071.4625099,173.194.163.76,10.10.0.10,,,443,40826,0,1358,17
1584694071.465338,10.10.0.10,173.194.163.76,,,40826,443,0,37,17
1584694071.469051,173.194.163.76,10.10.0.10,,,443,40826,0,1358,17
1584694071.475602,173.194.163.76,10.10.0.10,,,443,40826,0,1358,17
1584694071.477231,10.10.0.10,173.194.163.76,,,40826,443,0,37,17
1584694071.482148,173.194.163.76,10.10.0.10,,,443,40826,0,1358,17
1584694071.4887052,173.194.163.76,10.10.0.10,,,443,40826,0,1358,17
1584694071.4903412,10.10.0.10,173.194.163.76,,,40826,443,0,37,17
1584694071.4952602,173.194.163.76,10.10.0.10,,,443,40826,0,1358,17
1584694071.501819,173.194.163.76,10.10.0.10,,,443,40826,0,1358,17
1584694071.503217,10.10.0.10,173.194.163.76,,,40826,443,0,37,17
1584694071.508357,173.194.163.76,10.10.0.10,,,443,40826,0,1358,17
1584694071.515095,173.194.163.76,10.10.0.10,,,443,40826,0,1358,17
1584694071.5167322,10.10.0.10,173.194.163.76,,,40826,443,0,37,17
1584694071.521654,173.194.163.76,10.10.0.10,,,443,40826,0,1358,17
1584694071.528206,173.194.163.76,10.10.0.10,,,443,40826,0,1358,17
1584694071.529856,10.10.0.10,173.194.163.76,,,40826,443,0,37,17
1584694071.534761,173.194.163.76,10.10.0.10,,,443,40826,0,1358,17
1584694071.5413241,173.194.163.76,10.10.0.10,,,443,40826,0,1358,17
1584694071.54283,10.10.0.10,173.194.163.76,,,40826,443,0,50,17
1584694071.5478554,173.194.163.76,10.10.0.10,,,443,40826,0,1358,17
1584694071.554408,173.194.163.76,10.10.0.10,,,443,40826,0,1358,17
1584694071.555984,10.10.0.10,173.194.163.76,,,40826,443,0,37,17
1584694071.56096,173.194.163.76,10.10.0.10,,,443,40826,0,1358,17
1584694071.5675075,173.194.163.76,10.10.0.10,,,443,40826,0,1358,17
1584694071.569233,10.10.0.10,173.194.163.76,,,40826,443,0,37,17
1584694071.5740678,173.194.163.76,10.10.0.10,,,443,40826,0,1358,17
1584694071.5806286,173.194.163.76,10.10.0.10,,,443,40826,0,1358,17
1584694071.5828538,10.10.0.10,173.194.163.76,,,40826,443,0,37,17
1584694071.5871599,173.194.163.76,10.10.0.10,,,443,40826,0,29,17
1584694071.587449,173.194.163.76,10.10.0.10,,,443,40826,0,1358,17
1584694071.594002,173.194.163.76,10.10.0.10,,,443,40826,0,1358,17
1584694071.5955875,10.10.0.10,173.194.163.76,,,40826,443,0,37,17
1584694071.600567,173.194.163.76,10.10.0.10,,,443,40826,0,1358,17
1584694071.60711,173.194.163.76,10.10.0.10,,,443,40826,0,1358,17
1584694071.608825,10.10.0.10,173.194.163.76,,,40826,443,0,37,17
1584694071.613659,173.194.163.76,10.10.0.10,,,443,40826,0,1358,17
1584694071.620215,173.194.163.76,10.10.0.10,,,443,40826,0,1358,17
1584694071.6221,10.10.0.10,173.194.163.76,,,40826,443,0,37,17
1584694071.626759,173.194.163.76,10.10.0.10,,,443,40826,0,1358,17
1584694071.6333182,173.194.163.76,10.10.0.10,,,443,40826,0,1358,17
1584694071.6348329,10.10.0.10,173.194.163.76,,,40826,443,0,37,17
1584694071.6398768,173.194.163.76,10.10.0.10,,,443,40826,0,1358,17
1584694071.646414,173.194.163.76,10.10.0.10,,,443,40826,0,1358,17
1584694071.6487286,10.10.0.10,173.194.163.76,,,40826,443,0,37,17
1584694071.652964,173.194.163.76,10.10.0.10,,,443,40826,0,1358,17
1584694071.659513,173.194.163.76,10.10.0.10,,,443,40826,0,1358,17
1584694071.661102,10.10.0.10,173.194.163.76,,,40826,443,0,37,17
1584694071.666065,173.194.163.76,10.10.0.10,,,443,40826,0,1358,17
1584694071.672628,173.194.163.76,10.10.0.10,,,443,40826,0,1358,17
1584694071.6743019,10.10.0.10,173.194.163.76,,,40826,443,0,37,17
1584694071.67917,173.194.163.76,10.10.0.10,,,443,40826,0,1358,17
1584694071.685717,173.194.163.76,10.10.0.10,,,443,40826,0,1358,17
1584694071.688332,10.10.0.10,173.194.163.76,,,40826,443,0,37,17
1584694071.6922688,173.194.163.76,10.10.0.10,,,443,40826,0,1358,17
1584694071.698816,173.194.163.76,10.10.0.10,,,443,40826,0,1358,17
1584694071.7012286,10.10.0.10,173.194.163.76,,,40826,443,0,37,17
1584694071.7053661,173.194.163.76,10.10.0.10,,,443,40826,0,1358,17
1584694071.7119188,173.194.163.76,10.10.0.10,,,443,40826,0,1358,17
1584694071.7136052,10.10.0.10,173.194.163.76,,,40826,443,0,37,17
1584694071.718468,173.194.163.76,10.10.0.10,,,443,40826,0,1358,17
1584694071.725019,173.194.163.76,10.10.0.10,,,443,40826,0,1358,17
1584694071.7266052,10.10.0.10,173.194.163.76,,,40826,443,0,37,17
1584694071.7315679,173.194.163.76,10.10.0.10,,,443,40826,0,1358,17
1584694071.738128,173.194.163.76,10.10.0.10,,,443,40826,0,1358,17
1584694071.7398288,10.10.0.10,173.194.163.76,,,40826,443,0,37,17
1584694071.744686,173.194.163.76,10.10.0.10,,,443,40826,0,1358,17
1584694071.751226,173.194.163.76,10.10.0.10,,,443,40826,0,1358,17
1584694071.752954,10.10.0.10,173.194.163.76,,,40826,443,0,37,17
1584694071.757778,173.194.163.76,10.10.0.10,,,443,40826,0,1358,17
1584694071.764324,173.194.163.76,10.10.0.10,,,443,40826,0,1358,17
1584694071.765975,10.10.0.10,173.194.163.76,,,40826,443,0,37,17
1584694071.7708776,173.194.163.76,10.10.0.10,,,443,40826,0,1358,17
1584694071.7774382,173.194.163.76,10.10.0.10,,,443,40826,0,1358,17
1584694071.7793279,10.10.0.10,173.194.163.76,,,40826,443,0,37,17
1584694071.7839742,173.194.163.76,10.10.0.10,,,443,40826,0,1358,17
1584694071.7905252,173.194.163.76,10.10.0.10,,,443,40826,0,1358,17
1584694071.793601,10.10.0.10,173.194.163.76,,,40826,443,0,37,17
1584694071.7970722,173.194.163.76,10.10.0.10,,,443,40826,0,1358,17
1584694071.8036294,173.194.163.76,10.10.0.10,,,443,40826,0,1358,17
1584694071.805349,10.10.0.10,173.194.163.76,,,40826,443,0,50,17
1584694071.810186,173.194.163.76,10.10.0.10,,,443,40826,0,1358,17
1584694071.8167472,173.194.163.76,10.10.0.10,,,443,40826,0,1358,17
1584694071.8183188,10.10.0.10,173.194.163.76,,,40826,443,0,37,17
1584694071.8232772,173.194.163.76,10.10.0.10,,,443,40826,0,1358,17
1584694071.8298292,173.194.163.76,10.10.0.10,,,443,40826,0,1358,17
1584694071.831577,10.10.0.10,173.194.163.76,,,40826,443,0,37,17
1584694071.836374,173.194.163.76,10.10.0.10,,,443,40826,0,1358,17
1584694071.8429348,173.194.163.76,10.10.0.10,,,443,40826,0,1358,17
1584694071.844828,10.10.0.10,173.194.163.76,,,40826,443,0,37,17
1584694071.8494828,173.194.163.76,10.10.0.10,,,443,40826,0,29,17
1584694071.8497698,173.194.163.76,10.10.0.10,,,443,40826,0,1358,17
1584694071.856334,173.194.163.76,10.10.0.10,,,443,40826,0,1358,17
1584694071.858076,10.10.0.10,173.194.163.76,,,40826,443,0,37,17
1584694071.862874,173.194.163.76,10.10.0.10,,,443,40826,0,1358,17
1584694071.8694348,173.194.163.76,10.10.0.10,,,443,40826,0,1358,17
1584694071.871917,10.10.0.10,173.194.163.76,,,40826,443,0,37,17
1584694071.875977,173.194.163.76,10.10.0.10,,,443,40826,0,1358,17
1584694071.882529,173.194.163.76,10.10.0.10,,,443,40826,0,1358,17
1584694071.8840759,10.10.0.10,173.194.163.76,,,40826,443,0,37,17
1584694071.889081,173.194.163.76,10.10.0.10,,,443,40826,0,1358,17
1584694071.895631,173.194.163.76,10.10.0.10,,,443,40826,0,1358,17
1584694071.8975751,10.10.0.10,173.194.163.76,,,40826,443,0,37,17
1584694071.902176,173.194.163.76,10.10.0.10,,,443,40826,0,1358,17
1584694071.908749,173.194.163.76,10.10.0.10,,,443,40826,0,1358,17
1584694071.915283,173.194.163.76,10.10.0.10,,,443,40826,0,1358,17
1584694071.921836,173.194.163.76,10.10.0.10,,,443,40826,0,1358,17
1584694071.928386,173.194.163.76,10.10.0.10,,,443,40826,0,1358,17
1584694071.932849,10.10.0.10,173.194.163.76,,,40826,443,0,37,17
1584694071.932875,10.10.0.10,173.194.163.76,,,40826,443,0,37,17
1584694071.9349332,173.194.163.76,10.10.0.10,,,443,40826,0,1358,17
1584694071.9364538,10.10.0.10,173.194.163.76,,,40826,443,0,37,17
1584694071.941499,173.194.163.76,10.10.0.10,,,443,40826,0,1358,17
1584694071.9480338,173.194.163.76,10.10.0.10,,,443,40826,0,1358,17
1584694071.950075,10.10.0.10,173.194.163.76,,,40826,443,0,37,17
1584694071.9545882,173.194.163.76,10.10.0.10,,,443,40826,0,1358,17
1584694071.961132,173.194.163.76,10.10.0.10,,,443,40826,0,1358,17
1584694071.9629462,10.10.0.10,173.194.163.76,,,40826,443,0,37,17
1584694071.9676838,173.194.163.76,10.10.0.10,,,443,40826,0,1358,17
1584694071.974232,173.194.163.76,10.10.0.10,,,443,40826,0,1358,17
1584694071.976064,10.10.0.10,173.194.163.76,,,40826,443,0,37,17
1584694071.9807892,173.194.163.76,10.10.0.10,,,443,40826,0,1358,17
1584694071.987335,173.194.163.76,10.10.0.10,,,443,40826,0,1358,17
1584694071.9938884,173.194.163.76,10.10.0.10,,,443,40826,0,1358,17
1584694071.9969358,10.10.0.10,173.194.163.76,,,40826,443,0,37,17
1584694072.0004349,173.194.163.76,10.10.0.10,,,443,40826,0,1358,17
1584694072.002219,10.10.0.10,173.194.163.76,,,40826,443,0,37,17
1584694072.006988,173.194.163.76,10.10.0.10,,,443,40826,0,1358,17
1584694072.0135558,173.194.163.76,10.10.0.10,,,443,40826,0,1358,17
1584694072.0200882,173.194.163.76,10.10.0.10,,,443,40826,0,1358,17
1584694072.0205991,10.10.0.10,173.194.163.76,,,40826,443,0,37,17
1584694072.0266438,173.194.163.76,10.10.0.10,,,443,40826,0,1358,17
1584694072.028197,10.10.0.10,173.194.163.76,,,40826,443,0,37,17
1584694072.0331972,173.194.163.76,10.10.0.10,,,443,40826,0,1358,17
1584694072.03974,173.194.163.76,10.10.0.10,,,443,40826,0,1358,17
1584694072.0413158,10.10.0.10,173.194.163.76,,,40826,443,0,37,17
1584694072.0462918,173.194.163.76,10.10.0.10,,,443,40826,0,1358,17
1584694072.052852,173.194.163.76,10.10.0.10,,,443,40826,0,1358,17
1584694072.0544488,10.10.0.10,173.194.163.76,,,40826,443,0,37,17
1584694072.05939,173.194.163.76,10.10.0.10,,,443,40826,0,1358,17
1584694072.065946,173.194.163.76,10.10.0.10,,,443,40826,0,1358,17
1584694072.06757,10.10.0.10,173.194.163.76,,,40826,443,0,50,17
1584694072.072493,173.194.163.76,10.10.0.10,,,443,40826,0,1358,17
1584694072.0790534,173.194.163.76,10.10.0.10,,,443,40826,0,1358,17
1584694072.080718,10.10.0.10,173.194.163.76,,,40826,443,0,37,17
1584694072.0856009,173.194.163.76,10.10.0.10,,,443,40826,0,1358,17
1584694072.0921402,173.194.163.76,10.10.0.10,,,443,40826,0,1358,17
1584694072.0939429,10.10.0.10,173.194.163.76,,,40826,443,0,37,17
1584694072.0986938,173.194.163.76,10.10.0.10,,,443,40826,0,29,17
1584694072.0989866,173.194.163.76,10.10.0.10,,,443,40826,0,1358,17
1584694072.1055422,173.194.163.76,10.10.0.10,,,443,40826,0,1358,17
1584694072.107089,10.10.0.10,173.194.163.76,,,40826,443,0,37,17
1584694072.1120892,173.194.163.76,10.10.0.10,,,443,40826,0,1358,17
1584694072.1186428,173.194.163.76,10.10.0.10,,,443,40826,0,1358,17
1584694072.120162,10.10.0.10,173.194.163.76,,,40826,443,0,37,17
1584694072.1251938,173.194.163.76,10.10.0.10,,,443,40826,0,1358,17
1584694072.131743,173.194.163.76,10.10.0.10,,,443,40826,0,1358,17
1584694072.133814,10.10.0.10,173.194.163.76,,,40826,443,0,37,17
1584694072.138293,173.194.163.76,10.10.0.10,,,443,40826,0,1358,17
1584694072.14485,173.194.163.76,10.10.0.10,,,443,40826,0,1358,17
1584694072.146944,10.10.0.10,173.194.163.76,,,40826,443,0,37,17
1584694072.1513958,173.194.163.76,10.10.0.10,,,443,40826,0,1358,17
1584694072.1579466,173.194.163.76,10.10.0.10,,,443,40826,0,1358,17
1584694072.16084,10.10.0.10,173.194.163.76,,,40826,443,0,37,17
1584694072.164495,173.194.163.76,10.10.0.10,,,443,40826,0,1358,17
1584694072.1710448,173.194.163.76,10.10.0.10,,,443,40826,0,1358,17
1584694072.176075,10.10.0.10,173.194.163.76,,,40826,443,0,37,17
1584694072.177596,173.194.163.76,10.10.0.10,,,443,40826,0,1358,17
1584694072.1841474,173.194.163.76,10.10.0.10,,,443,40826,0,1358,17
1584694072.185697,10.10.0.10,173.194.163.76,,,40826,443,0,37,17
1584694072.1907039,173.194.163.76,10.10.0.10,,,443,40826,0,1358,17
1584694072.1972532,173.194.163.76,10.10.0.10,,,443,40826,0,1358,17
1584694072.19969,10.10.0.10,173.194.163.76,,,40826,443,0,37,17
1584694072.2038052,173.194.163.76,10.10.0.10,,,443,40826,0,1358,17
1584694072.2103634,173.194.163.76,10.10.0.10,,,443,40826,0,1358,17
1584694072.211818,10.10.0.10,173.194.163.76,,,40826,443,0,37,17
1584694072.2169054,173.194.163.76,10.10.0.10,,,443,40826,0,1358,17
1584694072.2234578,173.194.163.76,10.10.0.10,,,443,40826,0,1358,17
1584694072.2249448,10.10.0.10,173.194.163.76,,,40826,443,0,37,17
1584694072.230006,173.194.163.76,10.10.0.10,,,443,40826,0,1358,17
1584694072.236557,173.194.163.76,10.10.0.10,,,443,40826,0,1358,17
1584694072.2382119,10.10.0.10,173.194.163.76,,,40826,443,0,37,17
1584694072.243114,173.194.163.76,10.10.0.10,,,443,40826,0,1358,17
1584694072.2496738,173.194.163.76,10.10.0.10,,,443,40826,0,1358,17
1584694072.2513149,10.10.0.10,173.194.163.76,,,40826,443,0,37,17
1584694072.256204,173.194.163.76,10.10.0.10,,,443,40826,0,1358,17
1584694072.26276,173.194.163.76,10.10.0.10,,,443,40826,0,1358,17
1584694072.2643142,10.10.0.10,173.194.163.76,,,40826,443,0,37,17
1584694072.26931,173.194.163.76,10.10.0.10,,,443,40826,0,1358,17
1584694072.2758632,173.194.163.76,10.10.0.10,,,443,40826,0,1358,17
1584694072.277444,10.10.0.10,173.194.163.76,,,40826,443,0,37,17
1584694072.282423,173.194.163.76,10.10.0.10,,,443,40826,0,1358,17
1584694072.288961,173.194.163.76,10.10.0.10,,,443,40826,0,1358,17
1584694072.2905571,10.10.0.10,173.194.163.76,,,40826,443,0,37,17
1584694072.295514,173.194.163.76,10.10.0.10,,,443,40826,0,1358,17
1584694072.30207,173.194.163.76,10.10.0.10,,,443,40826,0,1358,17
1584694072.3054588,10.10.0.10,173.194.163.76,,,40826,443,0,37,17
1584694072.308615,173.194.163.76,10.10.0.10,,,443,40826,0,1358,17
1584694072.3151708,173.194.163.76,10.10.0.10,,,443,40826,0,1358,17
1584694072.316679,10.10.0.10,173.194.163.76,,,40826,443,0,37,17
1584694072.3217332,173.194.163.76,10.10.0.10,,,443,40826,0,1358,17
1584694072.328268,173.194.163.76,10.10.0.10,,,443,40826,0,1358,17
1584694072.3298054,10.10.0.10,173.194.163.76,,,40826,443,0,50,17
1584694072.334816,173.194.163.76,10.10.0.10,,,443,40826,0,1358,17
1584694072.341366,173.194.163.76,10.10.0.10,,,443,40826,0,1358,17
1584694072.342958,10.10.0.10,173.194.163.76,,,40826,443,0,37,17
1584694072.3479419,173.194.163.76,10.10.0.10,,,443,40826,0,1358,17
1584694072.349817,10.10.0.10,173.194.163.76,,,40826,443,0,40,17
1584694072.354482,173.194.163.76,10.10.0.10,,,443,40826,0,1358,17
1584694072.35597,10.10.0.10,173.194.163.76,,,40826,443,0,37,17
1584694072.361019,173.194.163.76,10.10.0.10,,,443,40826,0,29,17
1584694072.3613071,173.194.163.76,10.10.0.10,,,443,40826,0,1358,17
1584694072.3678696,173.194.163.76,10.10.0.10,,,443,40826,0,1358,17
1584694072.3714588,10.10.0.10,173.194.163.76,,,40826,443,0,37,17
1584694072.374419,173.194.163.76,10.10.0.10,,,443,40826,0,1358,17
1584694072.3809812,173.194.163.76,10.10.0.10,,,443,40826,0,1358,17
1584694072.3826866,10.10.0.10,173.194.163.76,,,40826,443,0,37,17
1584694072.3875172,173.194.163.76,10.10.0.10,,,443,40826,0,1358,17
1584694072.3940668,173.194.163.76,10.10.0.10,,,443,40826,0,1358,17
1584694072.395562,10.10.0.10,173.194.163.76,,,40826,443,0,37,17
1584694072.4006188,173.194.163.76,10.10.0.10,,,443,40826,0,1358,17
1584694072.4071689,173.194.163.76,10.10.0.10,,,443,40826,0,1358,17
1584694072.4086866,10.10.0.10,173.194.163.76,,,40826,443,0,37,17
1584694072.413733,173.194.163.76,10.10.0.10,,,443,40826,0,1358,17
1584694072.4202714,173.194.163.76,10.10.0.10,,,443,40826,0,1358,17
1584694072.4218311,10.10.0.10,173.194.163.76,,,40826,443,0,37,17
1584694072.426825,173.194.163.76,10.10.0.10,,,443,40826,0,1358,17
1584694072.4333725,173.194.163.76,10.10.0.10,,,443,40826,0,1358,17
1584694072.4349554,10.10.0.10,173.194.163.76,,,40826,443,0,37,17
1584694072.4399312,173.194.163.76,10.10.0.10,,,443,40826,0,1358,17
1584694072.446482,173.194.163.76,10.10.0.10,,,443,40826,0,1358,17
1584694072.4482052,10.10.0.10,173.194.163.76,,,40826,443,0,37,17
1584694072.453023,173.194.163.76,10.10.0.10,,,443,40826,0,1358,17
1584694072.459574,173.194.163.76,10.10.0.10,,,443,40826,0,1358,17
1584694072.4614286,10.10.0.10,173.194.163.76,,,40826,443,0,37,17
1584694072.4661224,173.194.163.76,10.10.0.10,,,443,40826,0,1358,17
1584694072.4726849,173.194.163.76,10.10.0.10,,,443,40826,0,1358,17
1584694072.4743078,10.10.0.10,173.194.163.76,,,40826,443,0,37,17
1584694072.479231,173.194.163.76,10.10.0.10,,,443,40826,0,1358,17
1584694072.485791,173.194.163.76,10.10.0.10,,,443,40826,0,1358,17
1584694072.4874544,10.10.0.10,173.194.163.76,,,40826,443,0,37,17
1584694072.492327,173.194.163.76,10.10.0.10,,,443,40826,0,1358,17
1584694072.498878,173.194.163.76,10.10.0.10,,,443,40826,0,1358,17
1584694072.500457,10.10.0.10,173.194.163.76,,,40826,443,0,37,17
1584694072.5054288,173.194.163.76,10.10.0.10,,,443,40826,0,1358,17
1584694072.511982,173.194.163.76,10.10.0.10,,,443,40826,0,1358,17
1584694072.5138278,10.10.0.10,173.194.163.76,,,40826,443,0,37,17
1584694072.518541,173.194.163.76,10.10.0.10,,,443,40826,0,1358,17
1584694072.5250812,173.194.163.76,10.10.0.10,,,443,40826,0,1358,17
1584694072.5267081,10.10.0.10,173.194.163.76,,,40826,443,0,37,17
1584694072.5324142,173.194.163.76,10.10.0.10,,,443,40826,0,1358,17
1584694072.5389812,173.194.163.76,10.10.0.10,,,443,40826,0,1358,17
1584694072.5408301,10.10.0.10,173.194.163.76,,,40826,443,0,37,17
1584694072.545522,173.194.163.76,10.10.0.10,,,443,40826,0,1358,17
1584694072.552072,173.194.163.76,10.10.0.10,,,443,40826,0,1358,17
1584694072.5536811,10.10.0.10,173.194.163.76,,,40826,443,0,37,17
1584694072.558623,173.194.163.76,10.10.0.10,,,443,40826,0,1358,17
1584694072.565176,173.194.163.76,10.10.0.10,,,443,40826,0,1358,17
1584694072.5666828,10.10.0.10,173.194.163.76,,,40826,443,0,37,17
1584694072.571729,173.194.163.76,10.10.0.10,,,443,40826,0,1358,17
1584694072.578289,173.194.163.76,10.10.0.10,,,443,40826,0,1358,17
1584694072.580058,10.10.0.10,173.194.163.76,,,40826,443,0,50,17
1584694072.584824,173.194.163.76,10.10.0.10,,,443,40826,0,1358,17
1584694072.591376,173.194.163.76,10.10.0.10,,,443,40826,0,1358,17
1584694072.593082,10.10.0.10,173.194.163.76,,,40826,443,0,37,17
1584694072.5979269,173.194.163.76,10.10.0.10,,,443,40826,0,1358,17
1584694072.604478,173.194.163.76,10.10.0.10,,,443,40826,0,1358,17
1584694072.60605,10.10.0.10,173.194.163.76,,,40826,443,0,37,17
1584694072.611038,173.194.163.76,10.10.0.10,,,443,40826,0,29,17
1584694072.6113179,173.194.163.76,10.10.0.10,,,443,40826,0,1358,17
1584694072.6178749,173.194.163.76,10.10.0.10,,,443,40826,0,1358,17
1584694072.619575,10.10.0.10,173.194.163.76,,,40826,443,0,37,17
1584694072.624422,173.194.163.76,10.10.0.10,,,443,40826,0,1358,17
1584694072.630977,173.194.163.76,10.10.0.10,,,443,40826,0,1358,17
1584694072.632672,10.10.0.10,173.194.163.76,,,40826,443,0,37,17
1584694072.637537,173.194.163.76,10.10.0.10,,,443,40826,0,1358,17
1584694072.644073,173.194.163.76,10.10.0.10,,,443,40826,0,1358,17
1584694072.645689,10.10.0.10,173.194.163.76,,,40826,443,0,37,17
1584694072.6506279,173.194.163.76,10.10.0.10,,,443,40826,0,1358,17
1584694072.657178,173.194.163.76,10.10.0.10,,,443,40826,0,1358,17
1584694072.658798,10.10.0.10,173.194.163.76,,,40826,443,0,37,17
1584694072.663729,173.194.163.76,10.10.0.10,,,443,40826,0,1358,17
1584694072.6702864,173.194.163.76,10.10.0.10,,,443,40826,0,1358,17
1584694072.672052,10.10.0.10,173.194.163.76,,,40826,443,0,37,17
1584694072.676848,173.194.163.76,10.10.0.10,,,443,40826,0,1358,17
1584694072.683381,173.194.163.76,10.10.0.10,,,443,40826,0,1358,17
1584694072.6855626,10.10.0.10,173.194.163.76,,,40826,443,0,37,17
1584694072.689933,173.194.163.76,10.10.0.10,,,443,40826,0,1358,17
1584694072.696485,173.194.163.76,10.10.0.10,,,443,40826,0,1358,17
1584694072.6981769,10.10.0.10,173.194.163.76,,,40826,443,0,37,17
1584694072.7030358,173.194.163.76,10.10.0.10,,,443,40826,0,1358,17
1584694072.709598,173.194.163.76,10.10.0.10,,,443,40826,0,1358,17
1584694072.7120712,10.10.0.10,173.194.163.76,,,40826,443,0,37,17
1584694072.716135,173.194.163.76,10.10.0.10,,,443,40826,0,1358,17
1584694072.722687,173.194.163.76,10.10.0.10,,,443,40826,0,1358,17
1584694072.724302,10.10.0.10,173.194.163.76,,,40826,443,0,37,17
1584694072.729235,173.194.163.76,10.10.0.10,,,443,40826,0,1358,17
1584694072.735785,173.194.163.76,10.10.0.10,,,443,40826,0,1358,17
1584694072.737927,10.10.0.10,173.194.163.76,,,40826,443,0,37,17
1584694072.7423491,173.194.163.76,10.10.0.10,,,443,40826,0,1358,17
1584694072.7488859,173.194.163.76,10.10.0.10,,,443,40826,0,1358,17
1584694072.7531972,10.10.0.10,173.194.163.76,,,40826,443,0,37,17
1584694072.755439,173.194.163.76,10.10.0.10,,,443,40826,0,1358,17
1584694072.761987,173.194.163.76,10.10.0.10,,,443,40826,0,1358,17
1584694072.764051,10.10.0.10,173.194.163.76,,,40826,443,0,37,17
1584694072.768539,173.194.163.76,10.10.0.10,,,443,40826,0,1358,17
1584694072.7751026,173.194.163.76,10.10.0.10,,,443,40826,0,1358,17
1584694072.776819,10.10.0.10,173.194.163.76,,,40826,443,0,37,17
1584694072.78164,173.194.163.76,10.10.0.10,,,443,40826,0,1358,17
1584694072.7881892,173.194.163.76,10.10.0.10,,,443,40826,0,1358,17
1584694072.789945,10.10.0.10,173.194.163.76,,,40826,443,0,37,17
1584694072.7947412,173.194.163.76,10.10.0.10,,,443,40826,0,1358,17
1584694072.8012922,173.194.163.76,10.10.0.10,,,443,40826,0,1358,17
1584694072.802946,10.10.0.10,173.194.163.76,,,40826,443,0,37,17
1584694072.8078508,173.194.163.76,10.10.0.10,,,443,40826,0,1358,17
1584694072.814407,173.194.163.76,10.10.0.10,,,443,40826,0,1358,17
1584694072.8191822,10.10.0.10,173.194.163.76,,,40826,443,0,37,17
1584694072.8209438,173.194.163.76,10.10.0.10,,,443,40826,0,1358,17
1584694072.8274946,173.194.163.76,10.10.0.10,,,443,40826,0,1358,17
1584694072.8294456,10.10.0.10,173.194.163.76,,,40826,443,0,37,17
1584694072.8340454,173.194.163.76,10.10.0.10,,,443,40826,0,1358,17
1584694072.840591,173.194.163.76,10.10.0.10,,,443,40826,0,1358,17
1584694072.8423214,10.10.0.10,173.194.163.76,,,40826,443,0,50,17
1584694072.8471556,173.194.163.76,10.10.0.10,,,443,40826,0,1358,17
1584694072.853717,173.194.163.76,10.10.0.10,,,443,40826,0,1358,17
1584694072.855422,10.10.0.10,173.194.163.76,,,40826,443,0,37,17
1584694072.860242,173.194.163.76,10.10.0.10,,,443,40826,0,1358,17
1584694072.8667972,173.194.163.76,10.10.0.10,,,443,40826,0,29,17
1584694072.8670876,173.194.163.76,10.10.0.10,,,443,40826,0,1358,17
1584694072.868569,10.10.0.10,173.194.163.76,,,40826,443,0,37,17
1584694072.873656,173.194.163.76,10.10.0.10,,,443,40826,0,1358,17
1584694072.880218,173.194.163.76,10.10.0.10,,,443,40826,0,1358,17
1584694072.8818202,10.10.0.10,173.194.163.76,,,40826,443,0,37,17
1584694072.886745,173.194.163.76,10.10.0.10,,,443,40826,0,1358,17
1584694072.8932948,173.194.163.76,10.10.0.10,,,443,40826,0,1358,17
1584694072.8949242,10.10.0.10,173.194.163.76,,,40826,443,0,37,17
1584694072.899847,173.194.163.76,10.10.0.10,,,443,40826,0,1358,17
1584694072.9064062,173.194.163.76,10.10.0.10,,,443,40826,0,1358,17
1584694072.9081938,10.10.0.10,173.194.163.76,,,40826,443,0,37,17
1584694072.912952,173.194.163.76,10.10.0.10,,,443,40826,0,1358,17
1584694072.9195,173.194.163.76,10.10.0.10,,,443,40826,0,1358,17
1584694072.9211721,10.10.0.10,173.194.163.76,,,40826,443,0,37,17
1584694072.9260602,173.194.163.76,10.10.0.10,,,443,40826,0,1358,17
1584694072.932601,173.194.163.76,10.10.0.10,,,443,40826,0,1358,17
1584694072.934672,10.10.0.10,173.194.163.76,,,40826,443,0,37,17
1584694072.9391544,173.194.163.76,10.10.0.10,,,443,40826,0,1358,17
1584694072.945717,173.194.163.76,10.10.0.10,,,443,40826,0,1358,17
1584694072.9474409,10.10.0.10,173.194.163.76,,,40826,443,0,37,17
1584694072.9522624,173.194.163.76,10.10.0.10,,,443,40826,0,1358,17
1584694072.958805,173.194.163.76,10.10.0.10,,,443,40826,0,1358,17
1584694072.9605381,10.10.0.10,173.194.163.76,,,40826,443,0,37,17
1584694072.9653552,173.194.163.76,10.10.0.10,,,443,40826,0,1358,17
1584694072.9718988,173.194.163.76,10.10.0.10,,,443,40826,0,1358,17
1584694072.973642,10.10.0.10,173.194.163.76,,,40826,443,0,37,17
1584694072.9784515,173.194.163.76,10.10.0.10,,,443,40826,0,1358,17
1584694072.985013,173.194.163.76,10.10.0.10,,,443,40826,0,1358,17
1584694072.9866712,10.10.0.10,173.194.163.76,,,40826,443,0,37,17
1584694072.991548,173.194.163.76,10.10.0.10,,,443,40826,0,1358,17
1584694072.9981039,173.194.163.76,10.10.0.10,,,443,40826,0,1358,17
1584694073.003926,10.10.0.10,173.194.163.76,,,40826,443,0,37,17
1584694073.004649,173.194.163.76,10.10.0.10,,,443,40826,0,1358,17
1584694073.0112052,173.194.163.76,10.10.0.10,,,443,40826,0,1358,17
1584694073.012799,10.10.0.10,173.194.163.76,,,40826,443,0,37,17
1584694073.01776,173.194.163.76,10.10.0.10,,,443,40826,0,1358,17
1584694073.024302,173.194.163.76,10.10.0.10,,,443,40826,0,1358,17
1584694073.0260382,10.10.0.10,173.194.163.76,,,40826,443,0,37,17
1584694073.0308518,173.194.163.76,10.10.0.10,,,443,40826,0,1358,17
1584694073.0374026,173.194.163.76,10.10.0.10,,,443,40826,0,1358,17
1584694073.0395632,10.10.0.10,173.194.163.76,,,40826,443,0,37,17
1584694073.0439556,173.194.163.76,10.10.0.10,,,443,40826,0,1358,17
1584694073.0505102,173.194.163.76,10.10.0.10,,,443,40826,0,1358,17
1584694073.052016,10.10.0.10,173.194.163.76,,,40826,443,0,37,17
1584694073.0570598,173.194.163.76,10.10.0.10,,,443,40826,0,1358,17
1584694073.063606,173.194.163.76,10.10.0.10,,,443,40826,0,1358,17
1584694073.065274,10.10.0.10,173.194.163.76,,,40826,443,0,37,17
1584694073.070154,173.194.163.76,10.10.0.10,,,443,40826,0,1358,17
1584694073.0767071,173.194.163.76,10.10.0.10,,,443,40826,0,1358,17
1584694073.078543,10.10.0.10,173.194.163.76,,,40826,443,0,37,17
1584694073.0832741,173.194.163.76,10.10.0.10,,,443,40826,0,1358,17
1584694073.089836,173.194.163.76,10.10.0.10,,,443,40826,0,1358,17
1584694073.091917,10.10.0.10,173.194.163.76,,,40826,443,0,37,17
1584694073.096361,173.194.163.76,10.10.0.10,,,443,40826,0,1358,17
1584694073.102914,173.194.163.76,10.10.0.10,,,443,40826,0,1358,17
1584694073.105409,10.10.0.10,173.194.163.76,,,40826,443,0,50,17
1584694073.1094651,173.194.163.76,10.10.0.10,,,443,40826,0,1358,17
1584694073.116011,173.194.163.76,10.10.0.10,,,443,40826,0,1358,17
1584694073.117543,10.10.0.10,173.194.163.76,,,40826,443,0,37,17
1584694073.1225634,173.194.163.76,10.10.0.10,,,443,40826,0,1358,17
1584694073.129112,173.194.163.76,10.10.0.10,,,443,40826,0,1358,17
1584694073.130786,10.10.0.10,173.194.163.76,,,40826,443,0,37,17
1584694073.1356616,173.194.163.76,10.10.0.10,,,443,40826,0,1358,17
1584694073.142213,173.194.163.76,10.10.0.10,,,443,40826,0,29,17
1584694073.1425068,173.194.163.76,10.10.0.10,,,443,40826,0,1358,17
1584694073.144182,10.10.0.10,173.194.163.76,,,40826,443,0,37,17
1584694073.149066,173.194.163.76,10.10.0.10,,,443,40826,0,1358,17
1584694073.155616,173.194.163.76,10.10.0.10,,,443,40826,0,1358,17
1584694073.157419,10.10.0.10,173.194.163.76,,,40826,443,0,37,17
1584694073.162167,173.194.163.76,10.10.0.10,,,443,40826,0,1358,17
1584694073.168712,173.194.163.76,10.10.0.10,,,443,40826,0,1358,17
1584694073.1705332,10.10.0.10,173.194.163.76,,,40826,443,0,37,17
1584694073.175262,173.194.163.76,10.10.0.10,,,443,40826,0,1358,17
1584694073.181816,173.194.163.76,10.10.0.10,,,443,40826,0,1358,17
1584694073.1883626,173.194.163.76,10.10.0.10,,,443,40826,0,1358,17
1584694073.1949134,173.194.163.76,10.10.0.10,,,443,40826,0,1358,17
1584694073.2014694,173.194.163.76,10.10.0.10,,,443,40826,0,1358,17
1584694073.208016,173.194.163.76,10.10.0.10,,,443,40826,0,1358,17
1584694073.209928,10.10.0.10,173.194.163.76,,,40826,443,0,37,17
1584694073.2117958,10.10.0.10,173.194.163.76,,,40826,443,0,37,17
1584694073.2124221,10.10.0.10,173.194.163.76,,,40826,443,0,37,17
1584694073.2145689,173.194.163.76,10.10.0.10,,,443,40826,0,1358,17
1584694073.2211304,173.194.163.76,10.10.0.10,,,443,40826,0,1358,17
1584694073.223511,10.10.0.10,173.194.163.76,,,40826,443,0,37,17
1584694073.2276762,173.194.163.76,10.10.0.10,,,443,40826,0,1358,17
1584694073.2342231,173.194.163.76,10.10.0.10,,,443,40826,0,1358,17
1584694073.236165,10.10.0.10,173.194.163.76,,,40826,443,0,37,17
1584694073.2407742,173.194.163.76,10.10.0.10,,,443,40826,0,1358,17
1584694073.247334,173.194.163.76,10.10.0.10,,,443,40826,0,1358,17
1584694073.249164,10.10.0.10,173.194.163.76,,,40826,443,0,37,17
1584694073.2538738,173.194.163.76,10.10.0.10,,,443,40826,0,1358,17
1584694073.260422,173.194.163.76,10.10.0.10,,,443,40826,0,1358,17
1584694073.2620368,10.10.0.10,173.194.163.76,,,40826,443,0,37,17
1584694073.266978,173.194.163.76,10.10.0.10,,,443,40826,0,1358,17
1584694073.2735279,173.194.163.76,10.10.0.10,,,443,40826,0,1358,17
1584694073.2750418,10.10.0.10,173.194.163.76,,,40826,443,0,37,17
1584694073.2800775,173.194.163.76,10.10.0.10,,,443,40826,0,1358,17
1584694073.2866435,173.194.163.76,10.10.0.10,,,443,40826,0,1358,17
1584694073.288168,10.10.0.10,173.194.163.76,,,40826,443,0,37,17
1584694073.2931778,173.194.163.76,10.10.0.10,,,443,40826,0,1358,17
1584694073.2997296,173.194.163.76,10.10.0.10,,,443,40826,0,1358,17
1584694073.301431,10.10.0.10,173.194.163.76,,,40826,443,0,37,17
1584694073.306279,173.194.163.76,10.10.0.10,,,443,40826,0,1358,17
1584694073.312833,173.194.163.76,10.10.0.10,,,443,40826,0,1358,17
1584694073.3144119,10.10.0.10,173.194.163.76,,,40826,443,0,37,17
1584694073.3193948,173.194.163.76,10.10.0.10,,,443,40826,0,1358,17
1584694073.325954,173.194.163.76,10.10.0.10,,,443,40826,0,1358,17
1584694073.3289108,10.10.0.10,173.194.163.76,,,40826,443,0,37,17
1584694073.3324828,173.194.163.76,10.10.0.10,,,443,40826,0,1358,17
1584694073.3390362,173.194.163.76,10.10.0.10,,,443,40826,0,1358,17
1584694073.3414028,10.10.0.10,173.194.163.76,,,40826,443,0,37,17
1584694073.3455858,173.194.163.76,10.10.0.10,,,443,40826,0,1358,17
1584694073.352142,173.194.163.76,10.10.0.10,,,443,40826,0,1237,17
1584694073.35379,10.10.0.10,173.194.163.76,,,40826,443,0,37,17
1584694075.1948562,10.10.0.10,173.194.163.76,,,40826,443,0,725,17
1584694075.19489,10.10.0.10,173.194.163.76,,,40826,443,0,48,17
1584694075.199356,173.194.163.76,10.10.0.10,,,443,40826,0,115,17
1584694075.199392,173.194.163.76,10.10.0.10,,,443,40826,0,1358,17
1584694075.199415,173.194.163.76,10.10.0.10,,,443,40826,0,1358,17
1584694075.2022526,10.10.0.10,173.194.163.76,,,40826,443,0,37,17
1584694075.2056348,173.194.163.76,10.10.0.10,,,443,40826,0,1358,17
1584694075.2073572,10.10.0.10,173.194.163.76,,,40826,443,0,37,17
1584694075.2121801,173.194.163.76,10.10.0.10,,,443,40826,0,1358,17
1584694075.218734,173.194.163.76,10.10.0.10,,,443,40826,0,1358,17
1584694075.220453,10.10.0.10,173.194.163.76,,,40826,443,0,37,17
1584694075.225284,173.194.163.76,10.10.0.10,,,443,40826,0,1358,17
1584694075.231838,173.194.163.76,10.10.0.10,,,443,40826,0,1358,17
1584694075.233753,10.10.0.10,173.194.163.76,,,40826,443,0,37,17
1584694075.2383866,173.194.163.76,10.10.0.10,,,443,40826,0,1358,17
1584694075.244949,173.194.163.76,10.10.0.10,,,443,40826,0,1358,17
1584694075.24648,10.10.0.10,173.194.163.76,,,40826,443,0,37,17
1584694075.251487,173.194.163.76,10.10.0.10,,,443,40826,0,1358,17
1584694075.2580428,173.194.163.76,10.10.0.10,,,443,40826,0,1358,17
1584694075.2605982,10.10.0.10,173.194.163.76,,,40826,443,0,37,17
1584694075.2646108,173.194.163.76,10.10.0.10,,,443,40826,0,1358,17
1584694075.2711391,173.194.163.76,10.10.0.10,,,443,40826,0,1358,17
1584694075.274375,10.10.0.10,173.194.163.76,,,40826,443,0,37,17
1584694075.277693,173.194.163.76,10.10.0.10,,,443,40826,0,1358,17
1584694075.284239,173.194.163.76,10.10.0.10,,,443,40826,0,1358,17
1584694075.2857351,10.10.0.10,173.194.163.76,,,40826,443,0,37,17
1584694075.29079,173.194.163.76,10.10.0.10,,,443,40826,0,1358,17
1584694075.2973475,173.194.163.76,10.10.0.10,,,443,40826,0,1358,17
1584694075.2991252,10.10.0.10,173.194.163.76,,,40826,443,0,37,17
1584694075.3039026,173.194.163.76,10.10.0.10,,,443,40826,0,1358,17
1584694075.310458,173.194.163.76,10.10.0.10,,,443,40826,0,1358,17
1584694075.312104,10.10.0.10,173.194.163.76,,,40826,443,0,37,17
1584694075.316992,173.194.163.76,10.10.0.10,,,443,40826,0,1358,17
1584694075.32355,173.194.163.76,10.10.0.10,,,443,40826,0,1358,17
1584694075.325104,10.10.0.10,173.194.163.76,,,40826,443,0,37,17
1584694075.3300989,173.194.163.76,10.10.0.10,,,443,40826,0,1358,17
1584694075.3366525,173.194.163.76,10.10.0.10,,,443,40826,0,1358,17
1584694075.3384778,10.10.0.10,173.194.163.76,,,40826,443,0,37,17
1584694075.343213,173.194.163.76,10.10.0.10,,,443,40826,0,1358,17
1584694075.3497722,173.194.163.76,10.10.0.10,,,443,40826,0,1358,17
1584694075.3513591,10.10.0.10,173.194.163.76,,,40826,443,0,37,17
1584694075.3563,173.194.163.76,10.10.0.10,,,443,40826,0,1358,17
1584694075.362851,173.194.163.76,10.10.0.10,,,443,40826,0,1358,17
1584694075.3644838,10.10.0.10,173.194.163.76,,,40826,443,0,37,17
1584694075.3693972,173.194.163.76,10.10.0.10,,,443,40826,0,1358,17
1584694075.375952,173.194.163.76,10.10.0.10,,,443,40826,0,1358,17
1584694075.378997,10.10.0.10,173.194.163.76,,,40826,443,0,37,17
1584694075.3825214,173.194.163.76,10.10.0.10,,,443,40826,0,1358,17
1584694075.3890526,173.194.163.76,10.10.0.10,,,443,40826,0,1358,17
1584694075.3906062,10.10.0.10,173.194.163.76,,,40826,443,0,37,17
1584694075.395606,173.194.163.76,10.10.0.10,,,443,40826,0,1358,17
1584694075.402154,173.194.163.76,10.10.0.10,,,443,40826,0,1358,17
1584694075.4037492,10.10.0.10,173.194.163.76,,,40826,443,0,37,17
1584694075.408706,173.194.163.76,10.10.0.10,,,443,40826,0,1358,17
1584694075.4152699,173.194.163.76,10.10.0.10,,,443,40826,0,1358,17
1584694075.416975,10.10.0.10,173.194.163.76,,,40826,443,0,37,17
1584694075.4218009,173.194.163.76,10.10.0.10,,,443,40826,0,1358,17
1584694075.4283571,173.194.163.76,10.10.0.10,,,443,40826,0,1358,17
1584694075.429856,10.10.0.10,173.194.163.76,,,40826,443,0,37,17
1584694075.4349082,173.194.163.76,10.10.0.10,,,443,40826,0,1358,17
1584694075.441457,173.194.163.76,10.10.0.10,,,443,40826,0,1358,17
1584694075.4431002,10.10.0.10,173.194.163.76,,,40826,443,0,50,17
1584694075.4480038,173.194.163.76,10.10.0.10,,,443,40826,0,1358,17
1584694075.45456,173.194.163.76,10.10.0.10,,,443,40826,0,1358,17
1584694075.456225,10.10.0.10,173.194.163.76,,,40826,443,0,37,17
1584694075.4611099,173.194.163.76,10.10.0.10,,,443,40826,0,1358,17
1584694075.4676616,173.194.163.76,10.10.0.10,,,443,40826,0,1358,17
1584694075.4698508,10.10.0.10,173.194.163.76,,,40826,443,0,37,17
1584694075.474211,173.194.163.76,10.10.0.10,,,443,40826,0,1358,17
1584694075.4807718,173.194.163.76,10.10.0.10,,,443,40826,0,1358,17
1584694075.482224,10.10.0.10,173.194.163.76,,,40826,443,0,37,17
1584694075.487313,173.194.163.76,10.10.0.10,,,443,40826,0,1358,17
1584694075.4938624,173.194.163.76,10.10.0.10,,,443,40826,0,1358,17
1584694075.4956188,10.10.0.10,173.194.163.76,,,40826,443,0,37,17
1584694075.5004098,173.194.163.76,10.10.0.10,,,443,40826,0,1358,17
1584694075.5069652,173.194.163.76,10.10.0.10,,,443,40826,0,1358,17
1584694075.5087225,10.10.0.10,173.194.163.76,,,40826,443,0,37,17
1584694075.513525,173.194.163.76,10.10.0.10,,,443,40826,0,1358,17
1584694075.520082,173.194.163.76,10.10.0.10,,,443,40826,0,1358,17
1584694075.5218694,10.10.0.10,173.194.163.76,,,40826,443,0,37,17
1584694075.526617,173.194.163.76,10.10.0.10,,,443,40826,0,1358,17
1584694075.5331619,173.194.163.76,10.10.0.10,,,443,40826,0,1358,17
1584694075.5349991,10.10.0.10,173.194.163.76,,,40826,443,0,37,17
1584694075.539712,173.194.163.76,10.10.0.10,,,443,40826,0,1358,17
1584694075.546273,173.194.163.76,10.10.0.10,,,443,40826,0,1358,17
1584694075.5478694,10.10.0.10,173.194.163.76,,,40826,443,0,37,17
1584694075.55283,173.194.163.76,10.10.0.10,,,443,40826,0,1358,17
1584694075.559368,173.194.163.76,10.10.0.10,,,443,40826,0,1358,17
1584694075.560994,10.10.0.10,173.194.163.76,,,40826,443,0,37,17
1584694075.565916,173.194.163.76,10.10.0.10,,,443,40826,0,1358,17
1584694075.5724692,173.194.163.76,10.10.0.10,,,443,40826,0,1358,17
1584694075.5740962,10.10.0.10,173.194.163.76,,,40826,443,0,37,17
1584694075.579025,173.194.163.76,10.10.0.10,,,443,40826,0,1358,17
1584694075.585579,173.194.163.76,10.10.0.10,,,443,40826,0,1358,17
1584694075.587241,10.10.0.10,173.194.163.76,,,40826,443,0,40,17
1584694075.592117,173.194.163.76,10.10.0.10,,,443,40826,0,1358,17
1584694075.593745,10.10.0.10,173.194.163.76,,,40826,443,0,37,17
1584694075.5986724,173.194.163.76,10.10.0.10,,,443,40826,0,1358,17
1584694075.605223,173.194.163.76,10.10.0.10,,,443,40826,0,1358,17
1584694075.6084616,10.10.0.10,173.194.163.76,,,40826,443,0,37,17
1584694075.611773,173.194.163.76,10.10.0.10,,,443,40826,0,1358,17
1584694075.6183279,173.194.163.76,10.10.0.10,,,443,40826,0,1358,17
1584694075.6201134,10.10.0.10,173.194.163.76,,,40826,443,0,37,17
1584694075.6248698,173.194.163.76,10.10.0.10,,,443,40826,0,1358,17
1584694075.6314268,173.194.163.76,10.10.0.10,,,443,40826,0,1358,17
1584694075.6330972,10.10.0.10,173.194.163.76,,,40826,443,0,37,17
1584694075.6379714,173.194.163.76,10.10.0.10,,,443,40826,0,1358,17
1584694075.644522,173.194.163.76,10.10.0.10,,,443,40826,0,1358,17
1584694075.6460981,10.10.0.10,173.194.163.76,,,40826,443,0,37,17
1584694075.651077,173.194.163.76,10.10.0.10,,,443,40826,0,1358,17
1584694075.657641,173.194.163.76,10.10.0.10,,,443,40826,0,1358,17
1584694075.6593652,10.10.0.10,173.194.163.76,,,40826,443,0,37,17
1584694075.6641958,173.194.163.76,10.10.0.10,,,443,40826,0,1358,17
1584694075.6707304,173.194.163.76,10.10.0.10,,,443,40826,0,1358,17
1584694075.6724892,10.10.0.10,173.194.163.76,,,40826,443,0,37,17
1584694075.677275,173.194.163.76,10.10.0.10,,,443,40826,0,1358,17
1584694075.683831,173.194.163.76,10.10.0.10,,,443,40826,0,1358,17
1584694075.6856122,10.10.0.10,173.194.163.76,,,40826,443,0,37,17
1584694075.690391,173.194.163.76,10.10.0.10,,,443,40826,0,1358,17
1584694075.696934,173.194.163.76,10.10.0.10,,,443,40826,0,1358,17
1584694075.6986115,10.10.0.10,173.194.163.76,,,40826,443,0,50,17
1584694075.7034776,173.194.163.76,10.10.0.10,,,443,40826,0,1358,17
1584694075.710033,173.194.163.76,10.10.0.10,,,443,40826,0,1358,17
1584694075.7117386,10.10.0.10,173.194.163.76,,,40826,443,0,37,17
1584694075.716584,173.194.163.76,10.10.0.10,,,443,40826,0,1358,17
1584694075.7231398,173.194.163.76,10.10.0.10,,,443,40826,0,1358,17
1584694075.7247381,10.10.0.10,173.194.163.76,,,40826,443,0,37,17
1584694075.7297,173.194.163.76,10.10.0.10,,,443,40826,0,1358,17
1584694075.736233,173.194.163.76,10.10.0.10,,,443,40826,0,1358,17
1584694075.7378438,10.10.0.10,173.194.163.76,,,40826,443,0,37,17
1584694075.742782,173.194.163.76,10.10.0.10,,,443,40826,0,1358,17
1584694075.7493384,173.194.163.76,10.10.0.10,,,443,40826,0,1358,17
1584694075.7558908,173.194.163.76,10.10.0.10,,,443,40826,0,1358,17
1584694075.76245,173.194.163.76,10.10.0.10,,,443,40826,0,1358,17
1584694075.7690098,173.194.163.76,10.10.0.10,,,443,40826,0,1358,17
1584694075.771843,10.10.0.10,173.194.163.76,,,40826,443,0,37,17
1584694075.7718694,10.10.0.10,173.194.163.76,,,40826,443,0,37,17
1584694075.77554,173.194.163.76,10.10.0.10,,,443,40826,0,1358,17
1584694075.7770932,10.10.0.10,173.194.163.76,,,40826,443,0,37,17
1584694075.782089,173.194.163.76,10.10.0.10,,,443,40826,0,1358,17
1584694075.788643,173.194.163.76,10.10.0.10,,,443,40826,0,1358,17
1584694075.7900922,10.10.0.10,173.194.163.76,,,40826,443,0,37,17
1584694075.795198,173.194.163.76,10.10.0.10,,,443,40826,0,1358,17
1584694075.801761,173.194.163.76,10.10.0.10,,,443,40826,0,1358,17
1584694075.804367,10.10.0.10,173.194.163.76,,,40826,443,0,37,17
1584694075.808291,173.194.163.76,10.10.0.10,,,443,40826,0,1358,17
1584694075.814842,173.194.163.76,10.10.0.10,,,443,40826,0,1358,17
1584694075.8163388,10.10.0.10,173.194.163.76,,,40826,443,0,37,17
1584694075.8213882,173.194.163.76,10.10.0.10,,,443,40826,0,1358,17
1584694075.8279548,173.194.163.76,10.10.0.10,,,443,40826,0,1358,17
1584694075.8297222,10.10.0.10,173.194.163.76,,,40826,443,0,37,17
1584694075.8345082,173.194.163.76,10.10.0.10,,,443,40826,0,1358,17
1584694075.841043,173.194.163.76,10.10.0.10,,,443,40826,0,1358,17
1584694075.8427124,10.10.0.10,173.194.163.76,,,40826,443,0,37,17
1584694075.847594,173.194.163.76,10.10.0.10,,,443,40826,0,1358,17
1584694075.8541448,173.194.163.76,10.10.0.10,,,443,40826,0,1358,17
1584694075.855966,10.10.0.10,173.194.163.76,,,40826,443,0,37,17
1584694075.8606908,173.194.163.76,10.10.0.10,,,443,40826,0,1358,17
1584694075.8672614,173.194.163.76,10.10.0.10,,,443,40826,0,1358,17
1584694075.8690898,10.10.0.10,173.194.163.76,,,40826,443,0,37,17
1584694075.873808,173.194.163.76,10.10.0.10,,,443,40826,0,1358,17
1584694075.8803492,173.194.163.76,10.10.0.10,,,443,40826,0,1358,17
1584694075.8819642,10.10.0.10,173.194.163.76,,,40826,443,0,37,17
1584694075.886894,173.194.163.76,10.10.0.10,,,443,40826,0,1358,17
1584694075.893449,173.194.163.76,10.10.0.10,,,443,40826,0,1358,17
1584694075.8951068,10.10.0.10,173.194.163.76,,,40826,443,0,37,17
1584694075.8999982,173.194.163.76,10.10.0.10,,,443,40826,0,1358,17
1584694075.9065502,173.194.163.76,10.10.0.10,,,443,40826,0,1358,17
1584694075.9083366,10.10.0.10,173.194.163.76,,,40826,443,0,37,17
1584694075.9130962,173.194.163.76,10.10.0.10,,,443,40826,0,1358,17
1584694075.9196534,173.194.163.76,10.10.0.10,,,443,40826,0,1358,17
1584694075.921231,10.10.0.10,173.194.163.76,,,40826,443,0,37,17
1584694075.926198,173.194.163.76,10.10.0.10,,,443,40826,0,1358,17
1584694075.932762,173.194.163.76,10.10.0.10,,,443,40826,0,1358,17
1584694075.9344602,10.10.0.10,173.194.163.76,,,40826,443,0,37,17
1584694075.9393196,173.194.163.76,10.10.0.10,,,443,40826,0,1358,17
1584694075.9458532,173.194.163.76,10.10.0.10,,,443,40826,0,1358,17
1584694075.94746,10.10.0.10,173.194.163.76,,,40826,443,0,37,17
1584694075.9524,173.194.163.76,10.10.0.10,,,443,40826,0,1358,17
1584694075.9589572,173.194.163.76,10.10.0.10,,,443,40826,0,1358,17
1584694075.960453,10.10.0.10,173.194.163.76,,,40826,443,0,50,17
1584694075.965501,173.194.163.76,10.10.0.10,,,443,40826,0,1358,17
1584694075.972069,173.194.163.76,10.10.0.10,,,443,40826,0,1358,17
1584694075.9738624,10.10.0.10,173.194.163.76,,,40826,443,0,37,17
1584694075.978605,173.194.163.76,10.10.0.10,,,443,40826,0,1358,17
1584694075.9851592,173.194.163.76,10.10.0.10,,,443,40826,0,1358,17
1584694075.988584,10.10.0.10,173.194.163.76,,,40826,443,0,37,17
1584694075.9917018,173.194.163.76,10.10.0.10,,,443,40826,0,1358,17
1584694075.998258,173.194.163.76,10.10.0.10,,,443,40826,0,1358,17
1584694075.99984,10.10.0.10,173.194.163.76,,,40826,443,0,37,17
1584694076.004817,173.194.163.76,10.10.0.10,,,443,40826,0,1358,17
1584694076.0113788,173.194.163.76,10.10.0.10,,,443,40826,0,1358,17
1584694076.0130851,10.10.0.10,173.194.163.76,,,40826,443,0,37,17
1584694076.0164616,10.10.0.10,173.194.163.76,,,40826,443,0,723,17
1584694076.016488,10.10.0.10,173.194.163.76,,,40826,443,0,48,17
1584694076.0179148,173.194.163.76,10.10.0.10,,,443,40826,0,1358,17
1584694076.024462,173.194.163.76,10.10.0.10,,,443,40826,0,1358,17
1584694076.025959,10.10.0.10,173.194.163.76,,,40826,443,0,37,17
1584694076.0310152,173.194.163.76,10.10.0.10,,,443,40826,0,1358,17
1584694076.037561,173.194.163.76,10.10.0.10,,,443,40826,0,1358,17
1584694076.0389318,10.10.0.10,173.194.163.76,,,40826,443,0,37,17
1584694076.044111,173.194.163.76,10.10.0.10,,,443,40826,0,1358,17
1584694076.050657,173.194.163.76,10.10.0.10,,,443,40826,0,1358,17
1584694076.0522118,10.10.0.10,173.194.163.76,,,40826,443,0,37,17
1584694076.0572052,173.194.163.76,10.10.0.10,,,443,40826,0,1358,17
1584694076.06376,173.194.163.76,10.10.0.10,,,443,40826,0,29,17
1584694076.0640528,173.194.163.76,10.10.0.10,,,443,40826,0,1358,17
1584694076.065553,10.10.0.10,173.194.163.76,,,40826,443,0,37,17
1584694076.070617,173.194.163.76,10.10.0.10,,,443,40826,0,1358,17
1584694076.0771554,173.194.163.76,10.10.0.10,,,443,40826,0,1358,17
1584694076.078826,10.10.0.10,173.194.163.76,,,40826,443,0,37,17
1584694076.0837061,173.194.163.76,10.10.0.10,,,443,40826,0,1358,17
1584694076.0902624,173.194.163.76,10.10.0.10,,,443,40826,0,1358,17
1584694076.0943162,10.10.0.10,173.194.163.76,,,40826,443,0,37,17
1584694076.0968142,173.194.163.76,10.10.0.10,,,443,40826,0,1358,17
1584694076.103376,173.194.163.76,10.10.0.10,,,443,40826,0,1358,17
1584694076.104977,10.10.0.10,173.194.163.76,,,40826,443,0,37,17
1584694076.10993,173.194.163.76,10.10.0.10,,,443,40826,0,1358,17
1584694076.116461,173.194.163.76,10.10.0.10,,,443,40826,0,1358,17
1584694076.118088,10.10.0.10,173.194.163.76,,,40826,443,0,37,17
1584694076.12301,173.194.163.76,10.10.0.10,,,443,40826,0,1358,17
1584694076.1295671,173.194.163.76,10.10.0.10,,,443,40826,0,1358,17
1584694076.1311002,10.10.0.10,173.194.163.76,,,40826,443,0,37,17
1584694076.136111,173.194.163.76,10.10.0.10,,,443,40826,0,1358,17
1584694076.1426682,173.194.163.76,10.10.0.10,,,443,40826,0,1358,17
1584694076.144464,10.10.0.10,173.194.163.76,,,40826,443,0,37,17
1584694076.1492188,173.194.163.76,10.10.0.10,,,443,40826,0,1358,17
1584694076.155767,173.194.163.76,10.10.0.10,,,443,40826,0,1358,17
1584694076.1572988,10.10.0.10,173.194.163.76,,,40826,443,0,37,17
1584694076.1623142,173.194.163.76,10.10.0.10,,,443,40826,0,1358,17
1584694076.1688669,173.194.163.76,10.10.0.10,,,443,40826,0,1358,17
1584694076.1704724,10.10.0.10,173.194.163.76,,,40826,443,0,37,17
1584694076.1754189,173.194.163.76,10.10.0.10,,,443,40826,0,1358,17
1584694076.181968,173.194.163.76,10.10.0.10,,,443,40826,0,1358,17
1584694076.1835868,10.10.0.10,173.194.163.76,,,40826,443,0,37,17
1584694076.188518,173.194.163.76,10.10.0.10,,,443,40826,0,1358,17
1584694076.195067,173.194.163.76,10.10.0.10,,,443,40826,0,1358,17
1584694076.1965802,10.10.0.10,173.194.163.76,,,40826,443,0,37,17
1584694076.201616,173.194.163.76,10.10.0.10,,,443,40826,0,1358,17
1584694076.208168,173.194.163.76,10.10.0.10,,,443,40826,0,1358,17
1584694076.2097068,10.10.0.10,173.194.163.76,,,40826,443,0,37,17
1584694076.214725,173.194.163.76,10.10.0.10,,,443,40826,0,1358,17
1584694076.221271,173.194.163.76,10.10.0.10,,,443,40826,0,1358,17
1584694076.2228372,10.10.0.10,173.194.163.76,,,40826,443,0,37,17
1584694076.227822,173.194.163.76,10.10.0.10,,,443,40826,0,1358,17
1584694076.2343802,173.194.163.76,10.10.0.10,,,443,40826,0,1358,17
1584694076.2359688,10.10.0.10,173.194.163.76,,,40826,443,0,37,17
1584694076.2409241,173.194.163.76,10.10.0.10,,,443,40826,0,1358,17
1584694076.2475002,173.194.163.76,10.10.0.10,,,443,40826,0,1358,17
1584694076.2490704,10.10.0.10,173.194.163.76,,,40826,443,0,37,17
1584694076.2540278,173.194.163.76,10.10.0.10,,,443,40826,0,1358,17
1584694076.260581,173.194.163.76,10.10.0.10,,,443,40826,0,1358,17
1584694076.262223,10.10.0.10,173.194.163.76,,,40826,443,0,37,17
1584694076.2671251,173.194.163.76,10.10.0.10,,,443,40826,0,1358,17
1584694076.2736838,173.194.163.76,10.10.0.10,,,443,40826,0,1358,17
1584694076.275223,10.10.0.10,173.194.163.76,,,40826,443,0,50,17
1584694076.280224,173.194.163.76,10.10.0.10,,,443,40826,0,1358,17
1584694076.286782,173.194.163.76,10.10.0.10,,,443,40826,0,1358,17
1584694076.2884312,10.10.0.10,173.194.163.76,,,40826,443,0,37,17
1584694076.293332,173.194.163.76,10.10.0.10,,,443,40826,0,1358,17
1584694076.299882,173.194.163.76,10.10.0.10,,,443,40826,0,1358,17
1584694076.301557,10.10.0.10,173.194.163.76,,,40826,443,0,37,17
1584694076.3064284,173.194.163.76,10.10.0.10,,,443,40826,0,1358,17
1584694076.3129961,173.194.163.76,10.10.0.10,,,443,40826,0,1358,17
1584694076.314816,10.10.0.10,173.194.163.76,,,40826,443,0,37,17
1584694076.319534,173.194.163.76,10.10.0.10,,,443,40826,0,1358,17
1584694076.326084,173.194.163.76,10.10.0.10,,,443,40826,0,29,17
1584694076.326374,173.194.163.76,10.10.0.10,,,443,40826,0,1358,17
1584694076.327802,10.10.0.10,173.194.163.76,,,40826,443,0,37,17
1584694076.332928,173.194.163.76,10.10.0.10,,,443,40826,0,1358,17
1584694076.339494,173.194.163.76,10.10.0.10,,,443,40826,0,1358,17
1584694076.341218,10.10.0.10,173.194.163.76,,,40826,443,0,37,17
1584694076.3460279,173.194.163.76,10.10.0.10,,,443,40826,0,1358,17
1584694076.352583,173.194.163.76,10.10.0.10,,,443,40826,0,1358,17
1584694076.3540661,10.10.0.10,173.194.163.76,,,40826,443,0,37,17
1584694076.3591301,173.194.163.76,10.10.0.10,,,443,40826,0,1358,17
1584694076.365688,173.194.163.76,10.10.0.10,,,443,40826,0,1358,17
1584694076.367575,10.10.0.10,173.194.163.76,,,40826,443,0,37,17
1584694076.3722491,173.194.163.76,10.10.0.10,,,443,40826,0,1358,17
1584694076.3787868,173.194.163.76,10.10.0.10,,,443,40826,0,1358,17
1584694076.3805652,10.10.0.10,173.194.163.76,,,40826,443,0,37,17
1584694076.3853312,173.194.163.76,10.10.0.10,,,443,40826,0,1358,17
1584694076.391887,173.194.163.76,10.10.0.10,,,443,40826,0,1358,17
1584694076.393573,10.10.0.10,173.194.163.76,,,40826,443,0,37,17
1584694076.398442,173.194.163.76,10.10.0.10,,,443,40826,0,1358,17
1584694076.404995,173.194.163.76,10.10.0.10,,,443,40826,0,1358,17
1584694076.406949,10.10.0.10,173.194.163.76,,,40826,443,0,37,17
1584694076.4115412,173.194.163.76,10.10.0.10,,,443,40826,0,1358,17
1584694076.41809,173.194.163.76,10.10.0.10,,,443,40826,0,1358,17
1584694076.4203384,10.10.0.10,173.194.163.76,,,40826,443,0,37,17
1584694076.42464,173.194.163.76,10.10.0.10,,,443,40826,0,1358,17
1584694076.431186,173.194.163.76,10.10.0.10,,,443,40826,0,1358,17
1584694076.432696,10.10.0.10,173.194.163.76,,,40826,443,0,37,17
1584694076.437737,173.194.163.76,10.10.0.10,,,443,40826,0,1358,17
1584694076.444304,173.194.163.76,10.10.0.10,,,443,40826,0,1358,17
1584694076.445834,10.10.0.10,173.194.163.76,,,40826,443,0,37,17
1584694076.45084,173.194.163.76,10.10.0.10,,,443,40826,0,1358,17
1584694076.457394,173.194.163.76,10.10.0.10,,,443,40826,0,1358,17
1584694076.4590714,10.10.0.10,173.194.163.76,,,40826,443,0,37,17
1584694076.463939,173.194.163.76,10.10.0.10,,,443,40826,0,1358,17
1584694076.470493,173.194.163.76,10.10.0.10,,,443,40826,0,1358,17
1584694076.47207,10.10.0.10,173.194.163.76,,,40826,443,0,37,17
1584694076.477039,173.194.163.76,10.10.0.10,,,443,40826,0,1358,17
1584694076.483616,173.194.163.76,10.10.0.10,,,443,40826,0,1358,17
1584694076.4852169,10.10.0.10,173.194.163.76,,,40826,443,0,37,17
1584694076.49015,173.194.163.76,10.10.0.10,,,443,40826,0,1358,17
1584694076.496696,173.194.163.76,10.10.0.10,,,443,40826,0,1358,17
1584694076.498322,10.10.0.10,173.194.163.76,,,40826,443,0,37,17
1584694076.503246,173.194.163.76,10.10.0.10,,,443,40826,0,1358,17
1584694076.5098052,173.194.163.76,10.10.0.10,,,443,40826,0,1358,17
1584694076.5134661,10.10.0.10,173.194.163.76,,,40826,443,0,37,17
1584694076.516366,173.194.163.76,10.10.0.10,,,443,40826,0,1358,17
1584694076.522899,173.194.163.76,10.10.0.10,,,443,40826,0,1358,17
1584694076.5244372,10.10.0.10,173.194.163.76,,,40826,443,0,37,17
1584694076.529451,173.194.163.76,10.10.0.10,,,443,40826,0,1358,17
1584694076.536,173.194.163.76,10.10.0.10,,,443,40826,0,1358,17
1584694076.537965,10.10.0.10,173.194.163.76,,,40826,443,0,50,17
1584694076.542551,173.194.163.76,10.10.0.10,,,443,40826,0,1358,17
1584694076.549113,173.194.163.76,10.10.0.10,,,443,40826,0,1358,17
1584694076.550694,10.10.0.10,173.194.163.76,,,40826,443,0,37,17
1584694076.555658,173.194.163.76,10.10.0.10,,,443,40826,0,1358,17
1584694076.562205,173.194.163.76,10.10.0.10,,,443,40826,0,1358,17
1584694076.563977,10.10.0.10,173.194.163.76,,,40826,443,0,37,17
1584694076.568753,173.194.163.76,10.10.0.10,,,443,40826,0,29,17
1584694076.569042,173.194.163.76,10.10.0.10,,,443,40826,0,1358,17
1584694076.575613,173.194.163.76,10.10.0.10,,,443,40826,0,1358,17
1584694076.5773182,10.10.0.10,173.194.163.76,,,40826,443,0,37,17
1584694076.58215,173.194.163.76,10.10.0.10,,,443,40826,0,1358,17
1584694076.588696,173.194.163.76,10.10.0.10,,,443,40826,0,1358,17
1584694076.5904348,10.10.0.10,173.194.163.76,,,40826,443,0,37,17
1584694076.5952508,173.194.163.76,10.10.0.10,,,443,40826,0,1358,17
1584694076.6018028,173.194.163.76,10.10.0.10,,,443,40826,0,1358,17
1584694076.6060884,10.10.0.10,173.194.163.76,,,40826,443,0,37,17
1584694076.608365,173.194.163.76,10.10.0.10,,,443,40826,0,1358,17
1584694076.614903,173.194.163.76,10.10.0.10,,,443,40826,0,1358,17
1584694076.616588,10.10.0.10,173.194.163.76,,,40826,443,0,37,17
1584694076.6214588,173.194.163.76,10.10.0.10,,,443,40826,0,1358,17
1584694076.6280088,173.194.163.76,10.10.0.10,,,443,40826,0,1358,17
1584694076.629692,10.10.0.10,173.194.163.76,,,40826,443,0,37,17
1584694076.634557,173.194.163.76,10.10.0.10,,,443,40826,0,1358,17
1584694076.641115,173.194.163.76,10.10.0.10,,,443,40826,0,1358,17
1584694076.6428368,10.10.0.10,173.194.163.76,,,40826,443,0,37,17
1584694076.647657,173.194.163.76,10.10.0.10,,,443,40826,0,1358,17
1584694076.654208,173.194.163.76,10.10.0.10,,,443,40826,0,1358,17
1584694076.65644,10.10.0.10,173.194.163.76,,,40826,443,0,37,17
1584694076.660758,173.194.163.76,10.10.0.10,,,443,40826,0,1358,17
1584694076.66731,173.194.163.76,10.10.0.10,,,443,40826,0,1358,17
1584694076.668961,10.10.0.10,173.194.163.76,,,40826,443,0,37,17
1584694076.6738641,173.194.163.76,10.10.0.10,,,443,40826,0,1358,17
1584694076.680425,173.194.163.76,10.10.0.10,,,443,40826,0,1358,17
1584694076.6819491,10.10.0.10,173.194.163.76,,,40826,443,0,37,17
1584694076.686958,173.194.163.76,10.10.0.10,,,443,40826,0,1358,17
1584694076.6935134,173.194.163.76,10.10.0.10,,,443,40826,0,1358,17
1584694076.695211,10.10.0.10,173.194.163.76,,,40826,443,0,37,17
1584694076.700064,173.194.163.76,10.10.0.10,,,443,40826,0,1358,17
1584694076.7066169,173.194.163.76,10.10.0.10,,,443,40826,0,1358,17
1584694076.7081912,10.10.0.10,173.194.163.76,,,40826,443,0,37,17
1584694076.7131786,173.194.163.76,10.10.0.10,,,443,40826,0,1358,17
1584694076.7197342,173.194.163.76,10.10.0.10,,,443,40826,0,1358,17
1584694076.7213366,10.10.0.10,173.194.163.76,,,40826,443,0,37,17
1584694076.7262619,173.194.163.76,10.10.0.10,,,443,40826,0,1358,17
1584694076.732815,173.194.163.76,10.10.0.10,,,443,40826,0,1358,17
1584694076.734459,10.10.0.10,173.194.163.76,,,40826,443,0,37,17
1584694076.7393699,173.194.163.76,10.10.0.10,,,443,40826,0,1358,17
1584694076.7459102,173.194.163.76,10.10.0.10,,,443,40826,0,1358,17
1584694076.747711,10.10.0.10,173.194.163.76,,,40826,443,0,37,17
1584694076.7524838,173.194.163.76,10.10.0.10,,,443,40826,0,1358,17
1584694076.759018,173.194.163.76,10.10.0.10,,,443,40826,0,1358,17
1584694076.760711,10.10.0.10,173.194.163.76,,,40826,443,0,37,17
1584694076.765569,173.194.163.76,10.10.0.10,,,443,40826,0,1358,17
1584694076.772119,173.194.163.76,10.10.0.10,,,443,40826,0,1358,17
1584694076.7739382,10.10.0.10,173.194.163.76,,,40826,443,0,37,17
1584694076.778671,173.194.163.76,10.10.0.10,,,443,40826,0,1358,17
1584694076.785233,173.194.163.76,10.10.0.10,,,443,40826,0,1358,17
1584694076.787698,10.10.0.10,173.194.163.76,,,40826,443,0,37,17
1584694076.7917721,173.194.163.76,10.10.0.10,,,443,40826,0,1358,17
1584694076.7983198,173.194.163.76,10.10.0.10,,,443,40826,0,1358,17
1584694076.799954,10.10.0.10,173.194.163.76,,,40826,443,0,50,17
1584694076.804872,173.194.163.76,10.10.0.10,,,443,40826,0,1358,17
1584694076.811422,173.194.163.76,10.10.0.10,,,443,40826,0,1358,17
1584694076.813187,10.10.0.10,173.194.163.76,,,40826,443,0,37,17
1584694076.817967,173.194.163.76,10.10.0.10,,,443,40826,0,1358,17
1584694076.824521,173.194.163.76,10.10.0.10,,,443,40826,0,1358,17
1584694076.826335,10.10.0.10,173.194.163.76,,,40826,443,0,37,17
1584694076.831075,173.194.163.76,10.10.0.10,,,443,40826,0,1358,17
1584694076.8376222,173.194.163.76,10.10.0.10,,,443,40826,0,29,17
1584694076.837916,173.194.163.76,10.10.0.10,,,443,40826,0,1358,17
1584694076.839303,10.10.0.10,173.194.163.76,,,40826,443,0,37,17
1584694076.844484,173.194.163.76,10.10.0.10,,,443,40826,0,1358,17
1584694076.851021,173.194.163.76,10.10.0.10,,,443,40826,0,1358,17
1584694076.852816,10.10.0.10,173.194.163.76,,,40826,443,0,37,17
1584694076.857574,173.194.163.76,10.10.0.10,,,443,40826,0,1358,17
1584694076.8641222,173.194.163.76,10.10.0.10,,,443,40826,0,1358,17
1584694076.8658302,10.10.0.10,173.194.163.76,,,40826,443,0,37,17
1584694076.8706741,173.194.163.76,10.10.0.10,,,443,40826,0,1358,17
1584694076.877233,173.194.163.76,10.10.0.10,,,443,40826,0,1358,17
1584694076.878809,10.10.0.10,173.194.163.76,,,40826,443,0,37,17
1584694076.883777,173.194.163.76,10.10.0.10,,,443,40826,0,1358,17
1584694076.8903232,173.194.163.76,10.10.0.10,,,443,40826,0,1358,17
1584694076.891956,10.10.0.10,173.194.163.76,,,40826,443,0,37,17
1584694076.8968759,173.194.163.76,10.10.0.10,,,443,40826,0,1358,17
1584694076.903424,173.194.163.76,10.10.0.10,,,443,40826,0,1358,17
1584694076.9050288,10.10.0.10,173.194.163.76,,,40826,443,0,37,17
1584694076.9099731,173.194.163.76,10.10.0.10,,,443,40826,0,1358,17
1584694076.916522,173.194.163.76,10.10.0.10,,,443,40826,0,1358,17
1584694076.918173,10.10.0.10,173.194.163.76,,,40826,443,0,37,17
1584694076.923072,173.194.163.76,10.10.0.10,,,443,40826,0,1358,17
1584694076.929627,173.194.163.76,10.10.0.10,,,443,40826,0,1358,17
1584694076.931277,10.10.0.10,173.194.163.76,,,40826,443,0,37,17
1584694076.936175,173.194.163.76,10.10.0.10,,,443,40826,0,1358,17
1584694076.942728,173.194.163.76,10.10.0.10,,,443,40826,0,1358,17
1584694076.944795,10.10.0.10,173.194.163.76,,,40826,443,0,37,17
1584694076.9492762,173.194.163.76,10.10.0.10,,,443,40826,0,1358,17
1584694076.9558525,173.194.163.76,10.10.0.10,,,443,40826,0,1358,17
1584694076.957434,10.10.0.10,173.194.163.76,,,40826,443,0,37,17
1584694076.9623759,173.194.163.76,10.10.0.10,,,443,40826,0,1358,17
1584694076.9689262,173.194.163.76,10.10.0.10,,,443,40826,0,1358,17
1584694076.9705565,10.10.0.10,173.194.163.76,,,40826,443,0,37,17
1584694076.9754784,173.194.163.76,10.10.0.10,,,443,40826,0,1358,17
1584694076.9820304,173.194.163.76,10.10.0.10,,,443,40826,0,1358,17
1584694076.9841769,10.10.0.10,173.194.163.76,,,40826,443,0,37,17
1584694076.988587,173.194.163.76,10.10.0.10,,,443,40826,0,1358,17
1584694076.9951308,173.194.163.76,10.10.0.10,,,443,40826,0,1358,17
1584694076.9966931,10.10.0.10,173.194.163.76,,,40826,443,0,37,17
1584694077.0016851,173.194.163.76,10.10.0.10,,,443,40826,0,1358,17
1584694077.00823,173.194.163.76,10.10.0.10,,,443,40826,0,1358,17
1584694077.0098279,10.10.0.10,173.194.163.76,,,40826,443,0,37,17
1584694077.0147812,173.194.163.76,10.10.0.10,,,443,40826,0,1358,17
1584694077.0213318,173.194.163.76,10.10.0.10,,,443,40826,0,1358,17
1584694077.0278802,173.194.163.76,10.10.0.10,,,443,40826,0,1358,17
1584694077.034431,173.194.163.76,10.10.0.10,,,443,40826,0,1358,17
1584694077.0409868,173.194.163.76,10.10.0.10,,,443,40826,0,1358,17
1584694077.047529,173.194.163.76,10.10.0.10,,,443,40826,0,1358,17
1584694077.0487056,10.10.0.10,173.194.163.76,,,40826,443,0,37,17
1584694077.050641,10.10.0.10,173.194.163.76,,,40826,443,0,37,17
1584694077.05089,10.10.0.10,173.194.163.76,,,40826,443,0,37,17
1584694077.0540829,173.194.163.76,10.10.0.10,,,443,40826,0,1358,17
1584694077.060644,173.194.163.76,10.10.0.10,,,443,40826,0,1358,17
1584694077.062191,10.10.0.10,173.194.163.76,,,40826,443,0,50,17
1584694077.067182,173.194.163.76,10.10.0.10,,,443,40826,0,1358,17
1584694077.073744,173.194.163.76,10.10.0.10,,,443,40826,0,1358,17
1584694077.0752828,10.10.0.10,173.194.163.76,,,40826,443,0,37,17
1584694077.0802882,173.194.163.76,10.10.0.10,,,443,40826,0,29,17
1584694077.0805798,173.194.163.76,10.10.0.10,,,443,40826,0,1358,17
1584694077.087134,173.194.163.76,10.10.0.10,,,443,40826,0,1358,17
1584694077.0886724,10.10.0.10,173.194.163.76,,,40826,443,0,37,17
1584694077.0936828,173.194.163.76,10.10.0.10,,,443,40826,0,1358,17
1584694077.100235,173.194.163.76,10.10.0.10,,,443,40826,0,1358,17
1584694077.101826,10.10.0.10,173.194.163.76,,,40826,443,0,37,17
1584694077.106789,173.194.163.76,10.10.0.10,,,443,40826,0,1358,17
1584694077.1133502,173.194.163.76,10.10.0.10,,,443,40826,0,1358,17
1584694077.1179378,10.10.0.10,173.194.163.76,,,40826,443,0,37,17
1584694077.11989,173.194.163.76,10.10.0.10,,,443,40826,0,1358,17
1584694077.12644,173.194.163.76,10.10.0.10,,,443,40826,0,1358,17
1584694077.128059,10.10.0.10,173.194.163.76,,,40826,443,0,37,17
1584694077.132992,173.194.163.76,10.10.0.10,,,443,40826,0,1358,17
1584694077.139544,173.194.163.76,10.10.0.10,,,443,40826,0,1358,17
1584694077.141058,10.10.0.10,173.194.163.76,,,40826,443,0,37,17
1584694077.1460989,173.194.163.76,10.10.0.10,,,443,40826,0,1358,17
1584694077.152659,173.194.163.76,10.10.0.10,,,443,40826,0,1358,17
1584694077.1541972,10.10.0.10,173.194.163.76,,,40826,443,0,37,17
1584694077.1591902,173.194.163.76,10.10.0.10,,,443,40826,0,1358,17
1584694077.165745,173.194.163.76,10.10.0.10,,,443,40826,0,1358,17
1584694077.1671972,10.10.0.10,173.194.163.76,,,40826,443,0,37,17
1584694077.1722918,173.194.163.76,10.10.0.10,,,443,40826,0,1358,17
1584694077.178848,173.194.163.76,10.10.0.10,,,443,40826,0,1358,17
1584694077.180426,10.10.0.10,173.194.163.76,,,40826,443,0,37,17
1584694077.185409,173.194.163.76,10.10.0.10,,,443,40826,0,1358,17
1584694077.19195,173.194.163.76,10.10.0.10,,,443,40826,0,1358,17
1584694077.193682,10.10.0.10,173.194.163.76,,,40826,443,0,37,17
1584694077.198498,173.194.163.76,10.10.0.10,,,443,40826,0,1358,17
1584694077.2050571,173.194.163.76,10.10.0.10,,,443,40826,0,1358,17
1584694077.206574,10.10.0.10,173.194.163.76,,,40826,443,0,37,17
1584694077.211605,173.194.163.76,10.10.0.10,,,443,40826,0,1358,17
1584694077.218158,173.194.163.76,10.10.0.10,,,443,40826,0,1358,17
1584694077.221049,10.10.0.10,173.194.163.76,,,40826,443,0,37,17
1584694077.224719,173.194.163.76,10.10.0.10,,,443,40826,0,1358,17
1584694077.2312508,173.194.163.76,10.10.0.10,,,443,40826,0,1358,17
1584694077.232896,10.10.0.10,173.194.163.76,,,40826,443,0,37,17
1584694077.2377946,173.194.163.76,10.10.0.10,,,443,40826,0,1358,17
1584694077.244349,173.194.163.76,10.10.0.10,,,443,40826,0,1358,17
1584694077.2465308,10.10.0.10,173.194.163.76,,,40826,443,0,37,17
1584694077.2509036,173.194.163.76,10.10.0.10,,,443,40826,0,1358,17
1584694077.2574522,173.194.163.76,10.10.0.10,,,443,40826,0,1358,17
1584694077.2593038,10.10.0.10,173.194.163.76,,,40826,443,0,37,17
1584694077.2640028,173.194.163.76,10.10.0.10,,,443,40826,0,1358,17
1584694077.2705562,173.194.163.76,10.10.0.10,,,443,40826,0,1358,17
1584694077.2730699,10.10.0.10,173.194.163.76,,,40826,443,0,37,17
1584694077.277104,173.194.163.76,10.10.0.10,,,443,40826,0,1358,17
1584694077.2836561,173.194.163.76,10.10.0.10,,,443,40826,0,1358,17
1584694077.2865481,10.10.0.10,173.194.163.76,,,40826,443,0,37,17
1584694077.2902205,173.194.163.76,10.10.0.10,,,443,40826,0,1358,17
1584694077.2967572,173.194.163.76,10.10.0.10,,,443,40826,0,1358,17
1584694077.2985475,10.10.0.10,173.194.163.76,,,40826,443,0,37,17
1584694077.3033092,173.194.163.76,10.10.0.10,,,443,40826,0,1358,17
1584694077.3098614,173.194.163.76,10.10.0.10,,,443,40826,0,1358,17
1584694077.3114452,10.10.0.10,173.194.163.76,,,40826,443,0,37,17
1584694077.316405,173.194.163.76,10.10.0.10,,,443,40826,0,1358,17
1584694077.32297,173.194.163.76,10.10.0.10,,,443,40826,0,1358,17
1584694077.3244214,10.10.0.10,173.194.163.76,,,40826,443,0,50,17
1584694077.329505,173.194.163.76,10.10.0.10,,,443,40826,0,1358,17
1584694077.3360634,173.194.163.76,10.10.0.10,,,443,40826,0,1358,17
1584694077.3375652,10.10.0.10,173.194.163.76,,,40826,443,0,37,17
1584694077.3426108,173.194.163.76,10.10.0.10,,,443,40826,0,1358,17
1584694077.3491619,173.194.163.76,10.10.0.10,,,443,40826,0,1358,17
1584694077.3505652,10.10.0.10,173.194.163.76,,,40826,443,0,37,17
1584694077.3557198,173.194.163.76,10.10.0.10,,,443,40826,0,1358,17
1584694077.362262,173.194.163.76,10.10.0.10,,,443,40826,0,1358,17
1584694077.3636901,10.10.0.10,173.194.163.76,,,40826,443,0,37,17
1584694077.368814,173.194.163.76,10.10.0.10,,,443,40826,0,1358,17
1584694077.3753624,173.194.163.76,10.10.0.10,,,443,40826,0,1358,17
1584694077.3769405,10.10.0.10,173.194.163.76,,,40826,443,0,37,17
1584694077.3819149,173.194.163.76,10.10.0.10,,,443,40826,0,1358,17
1584694077.3884668,173.194.163.76,10.10.0.10,,,443,40826,0,1358,17
1584694077.38992,10.10.0.10,173.194.163.76,,,40826,443,0,37,17
1584694077.3950279,173.194.163.76,10.10.0.10,,,443,40826,0,1358,17
1584694077.401565,173.194.163.76,10.10.0.10,,,443,40826,0,1358,17
1584694077.4031699,10.10.0.10,173.194.163.76,,,40826,443,0,37,17
1584694077.4081118,173.194.163.76,10.10.0.10,,,443,40826,0,1358,17
1584694077.414667,173.194.163.76,10.10.0.10,,,443,40826,0,1358,17
1584694077.416441,10.10.0.10,173.194.163.76,,,40826,443,0,37,17
1584694077.421217,173.194.163.76,10.10.0.10,,,443,40826,0,1358,17
1584694077.427777,173.194.163.76,10.10.0.10,,,443,40826,0,1358,17
1584694077.429304,10.10.0.10,173.194.163.76,,,40826,443,0,37,17
1584694077.4343386,173.194.163.76,10.10.0.10,,,443,40826,0,1358,17
1584694077.4408689,173.194.163.76,10.10.0.10,,,443,40826,0,1358,17
1584694077.442408,10.10.0.10,173.194.163.76,,,40826,443,0,37,17
1584694077.447421,173.194.163.76,10.10.0.10,,,443,40826,0,1358,17
1584694077.453972,173.194.163.76,10.10.0.10,,,443,40826,0,1358,17
1584694077.455671,10.10.0.10,173.194.163.76,,,40826,443,0,37,17
1584694077.460526,173.194.163.76,10.10.0.10,,,443,40826,0,1358,17
1584694077.4670892,173.194.163.76,10.10.0.10,,,443,40826,0,1358,17
1584694077.468938,10.10.0.10,173.194.163.76,,,40826,443,0,37,17
1584694077.473624,173.194.163.76,10.10.0.10,,,443,40826,0,1358,17
1584694077.480176,173.194.163.76,10.10.0.10,,,443,40826,0,1358,17
1584694077.48169,10.10.0.10,173.194.163.76,,,40826,443,0,37,17
1584694077.486725,173.194.163.76,10.10.0.10,,,443,40826,0,1358,17
1584694077.493276,173.194.163.76,10.10.0.10,,,443,40826,0,1358,17
1584694077.4949179,10.10.0.10,173.194.163.76,,,40826,443,0,37,17
1584694077.49984,173.194.163.76,10.10.0.10,,,443,40826,0,1358,17
1584694077.506379,173.194.163.76,10.10.0.10,,,443,40826,0,1358,17
1584694077.5079162,10.10.0.10,173.194.163.76,,,40826,443,0,37,17
1584694077.512929,173.194.163.76,10.10.0.10,,,443,40826,0,1358,17
1584694077.5194778,173.194.163.76,10.10.0.10,,,443,40826,0,1358,17
1584694077.5210311,10.10.0.10,173.194.163.76,,,40826,443,0,37,17
1584694077.52603,173.194.163.76,10.10.0.10,,,443,40826,0,1358,17
1584694077.5325892,173.194.163.76,10.10.0.10,,,443,40826,0,1358,17
1584694077.5345411,10.10.0.10,173.194.163.76,,,40826,443,0,37,17
1584694077.539129,173.194.163.76,10.10.0.10,,,443,40826,0,1358,17
1584694077.5456786,173.194.163.76,10.10.0.10,,,443,40826,0,1358,17
1584694077.547408,10.10.0.10,173.194.163.76,,,40826,443,0,37,17
1584694077.5522268,173.194.163.76,10.10.0.10,,,443,40826,0,1358,17
1584694077.5587811,173.194.163.76,10.10.0.10,,,443,40826,0,1358,17
1584694077.560416,10.10.0.10,173.194.163.76,,,40826,443,0,37,17
1584694077.5653384,173.194.163.76,10.10.0.10,,,443,40826,0,1358,17
1584694077.571898,173.194.163.76,10.10.0.10,,,443,40826,0,1358,17
1584694077.574049,10.10.0.10,173.194.163.76,,,40826,443,0,37,17
1584694077.578434,173.194.163.76,10.10.0.10,,,443,40826,0,1358,17
1584694077.584983,173.194.163.76,10.10.0.10,,,443,40826,0,1358,17
1584694077.587416,10.10.0.10,173.194.163.76,,,40826,443,0,50,17
1584694077.5915332,173.194.163.76,10.10.0.10,,,443,40826,0,1358,17
1584694077.5980868,173.194.163.76,10.10.0.10,,,443,40826,0,1358,17
1584694077.599809,10.10.0.10,173.194.163.76,,,40826,443,0,37,17
1584694077.6046472,173.194.163.76,10.10.0.10,,,443,40826,0,1358,17
1584694077.611184,173.194.163.76,10.10.0.10,,,443,40826,0,1358,17
1584694077.612665,10.10.0.10,173.194.163.76,,,40826,443,0,37,17
1584694077.6177368,173.194.163.76,10.10.0.10,,,443,40826,0,29,17
1584694077.618024,173.194.163.76,10.10.0.10,,,443,40826,0,1358,17
1584694077.6245859,173.194.163.76,10.10.0.10,,,443,40826,0,1358,17
1584694077.6271641,10.10.0.10,173.194.163.76,,,40826,443,0,37,17
1584694077.6311474,173.194.163.76,10.10.0.10,,,443,40826,0,1358,17
1584694077.637683,173.194.163.76,10.10.0.10,,,443,40826,0,1358,17
1584694077.639412,10.10.0.10,173.194.163.76,,,40826,443,0,37,17
1584694077.644235,173.194.163.76,10.10.0.10,,,443,40826,0,1358,17
1584694077.6507876,173.194.163.76,10.10.0.10,,,443,40826,0,406,17
1584694077.652559,10.10.0.10,173.194.163.76,,,40826,443,0,37,17
1584694077.6528518,173.194.163.76,10.10.0.10,,,443,40826,0,1358,17
1584694077.6594071,173.194.163.76,10.10.0.10,,,443,40826,0,1358,17
1584694077.66181,10.10.0.10,173.194.163.76,,,40826,443,0,37,17
1584694077.665961,173.194.163.76,10.10.0.10,,,443,40826,0,1358,17
1584694077.67252,173.194.163.76,10.10.0.10,,,443,40826,0,1358,17
1584694077.6741636,10.10.0.10,173.194.163.76,,,40826,443,0,37,17
1584694077.6790571,173.194.163.76,10.10.0.10,,,443,40826,0,1358,17
1584694077.6856089,173.194.163.76,10.10.0.10,,,443,40826,0,1358,17
1584694077.68729,10.10.0.10,173.194.163.76,,,40826,443,0,37,17
1584694077.6921608,173.194.163.76,10.10.0.10,,,443,40826,0,1358,17
1584694077.698713,173.194.163.76,10.10.0.10,,,443,40826,0,1358,17
1584694077.70041,10.10.0.10,173.194.163.76,,,40826,443,0,37,17
1584694077.7052698,173.194.163.76,10.10.0.10,,,443,40826,0,1358,17
1584694077.711834,173.194.163.76,10.10.0.10,,,443,40826,0,1358,17
1584694077.7134109,10.10.0.10,173.194.163.76,,,40826,443,0,37,17
1584694077.7183619,173.194.163.76,10.10.0.10,,,443,40826,0,1358,17
1584694077.724908,173.194.163.76,10.10.0.10,,,443,40826,0,1358,17
1584694077.726558,10.10.0.10,173.194.163.76,,,40826,443,0,37,17
1584694077.7314641,173.194.163.76,10.10.0.10,,,443,40826,0,1358,17
1584694077.738018,173.194.163.76,10.10.0.10,,,443,40826,0,1358,17
1584694077.739667,10.10.0.10,173.194.163.76,,,40826,443,0,37,17
1584694077.7445812,173.194.163.76,10.10.0.10,,,443,40826,0,1358,17
1584694077.7511148,173.194.163.76,10.10.0.10,,,443,40826,0,1358,17
1584694077.7526588,10.10.0.10,173.194.163.76,,,40826,443,0,37,17
1584694077.757666,173.194.163.76,10.10.0.10,,,443,40826,0,1358,17
1584694077.764216,173.194.163.76,10.10.0.10,,,443,40826,0,1358,17
1584694077.765932,10.10.0.10,173.194.163.76,,,40826,443,0,37,17
1584694077.770767,173.194.163.76,10.10.0.10,,,443,40826,0,1358,17
1584694077.777316,173.194.163.76,10.10.0.10,,,443,40826,0,1358,17
1584694077.7790525,10.10.0.10,173.194.163.76,,,40826,443,0,37,17
1584694077.78387,173.194.163.76,10.10.0.10,,,443,40826,0,1358,17
1584694077.7904198,173.194.163.76,10.10.0.10,,,443,40826,0,1358,17
1584694077.7920358,10.10.0.10,173.194.163.76,,,40826,443,0,37,17
1584694077.7969742,173.194.163.76,10.10.0.10,,,443,40826,0,1358,17
1584694077.8035214,173.194.163.76,10.10.0.10,,,443,40826,0,1358,17
1584694077.805158,10.10.0.10,173.194.163.76,,,40826,443,0,37,17
1584694077.810082,173.194.163.76,10.10.0.10,,,443,40826,0,1358,17
1584694077.816622,173.194.163.76,10.10.0.10,,,443,40826,0,1358,17
1584694077.8193092,10.10.0.10,173.194.163.76,,,40826,443,0,37,17
1584694077.823175,173.194.163.76,10.10.0.10,,,443,40826,0,1358,17
1584694077.8297234,173.194.163.76,10.10.0.10,,,443,40826,0,1358,17
1584694077.832027,10.10.0.10,173.194.163.76,,,40826,443,0,37,17
1584694077.8362682,173.194.163.76,10.10.0.10,,,443,40826,0,1358,17
1584694077.8428302,173.194.163.76,10.10.0.10,,,443,40826,0,1358,17
1584694077.8444061,10.10.0.10,173.194.163.76,,,40826,443,0,50,17
1584694077.84937,173.194.163.76,10.10.0.10,,,443,40826,0,1358,17
1584694077.855941,173.194.163.76,10.10.0.10,,,443,40826,0,1358,17
1584694077.8574061,10.10.0.10,173.194.163.76,,,40826,443,0,37,17
1584694077.862475,173.194.163.76,10.10.0.10,,,443,40826,0,1358,17
1584694077.8690279,173.194.163.76,10.10.0.10,,,443,40826,0,1358,17
1584694077.8708,10.10.0.10,173.194.163.76,,,40826,443,0,37,17
1584694077.8755784,173.194.163.76,10.10.0.10,,,443,40826,0,1358,17
1584694077.882139,173.194.163.76,10.10.0.10,,,443,40826,0,1358,17
1584694077.885002,10.10.0.10,173.194.163.76,,,40826,443,0,37,17
1584694077.888676,173.194.163.76,10.10.0.10,,,443,40826,0,29,17
1584694077.888967,173.194.163.76,10.10.0.10,,,443,40826,0,1358,17
1584694077.8955252,173.194.163.76,10.10.0.10,,,443,40826,0,1358,17
1584694077.897178,10.10.0.10,173.194.163.76,,,40826,443,0,37,17
1584694077.9020786,173.194.163.76,10.10.0.10,,,443,40826,0,1358,17
1584694077.908639,173.194.163.76,10.10.0.10,,,443,40826,0,1358,17
1584694077.9101481,10.10.0.10,173.194.163.76,,,40826,443,0,37,17
1584694077.915175,173.194.163.76,10.10.0.10,,,443,40826,0,1358,17
1584694077.921727,173.194.163.76,10.10.0.10,,,443,40826,0,1358,17
1584694077.9231555,10.10.0.10,173.194.163.76,,,40826,443,0,37,17
1584694077.92828,173.194.163.76,10.10.0.10,,,443,40826,0,1358,17
1584694077.934824,173.194.163.76,10.10.0.10,,,443,40826,0,1358,17
1584694077.9375026,10.10.0.10,173.194.163.76,,,40826,443,0,37,17
1584694077.9413822,173.194.163.76,10.10.0.10,,,443,40826,0,1358,17
1584694077.9479306,173.194.163.76,10.10.0.10,,,443,40826,0,1358,17
1584694077.949624,10.10.0.10,173.194.163.76,,,40826,443,0,37,17
1584694077.9544694,173.194.163.76,10.10.0.10,,,443,40826,0,747,17
1584694078.0006702,10.10.0.10,173.194.163.76,,,40826,443,0,37,17
1584694079.7175071,10.10.0.10,173.194.163.76,,,40826,443,0,725,17
1584694079.7175438,10.10.0.10,173.194.163.76,,,40826,443,0,48,17
1584694079.7217634,173.194.163.76,10.10.0.10,,,443,40826,0,29,17
1584694079.722409,173.194.163.76,10.10.0.10,,,443,40826,0,1358,17
1584694079.722444,173.194.163.76,10.10.0.10,,,443,40826,0,1358,17
1584694079.72473,10.10.0.10,173.194.163.76,,,40826,443,0,37,17
1584694079.7279892,173.194.163.76,10.10.0.10,,,443,40826,0,1358,17
1584694079.7345462,173.194.163.76,10.10.0.10,,,443,40826,0,1358,17
1584694079.7361212,10.10.0.10,173.194.163.76,,,40826,443,0,37,17
1584694079.7410884,173.194.163.76,10.10.0.10,,,443,40826,0,1358,17
1584694079.7476509,173.194.163.76,10.10.0.10,,,443,40826,0,1358,17
1584694079.7494779,10.10.0.10,173.194.163.76,,,40826,443,0,37,17
1584694079.754191,173.194.163.76,10.10.0.10,,,443,40826,0,1358,17
1584694079.7607439,173.194.163.76,10.10.0.10,,,443,40826,0,1358,17
1584694079.7623742,10.10.0.10,173.194.163.76,,,40826,443,0,37,17
1584694079.7672932,173.194.163.76,10.10.0.10,,,443,40826,0,1358,17
1584694079.7738438,173.194.163.76,10.10.0.10,,,443,40826,0,1358,17
1584694079.77547,10.10.0.10,173.194.163.76,,,40826,443,0,37,17
1584694079.7804039,173.194.163.76,10.10.0.10,,,443,40826,0,1358,17
1584694079.7869608,173.194.163.76,10.10.0.10,,,443,40826,0,1358,17
1584694079.789603,10.10.0.10,173.194.163.76,,,40826,443,0,37,17
1584694079.7934961,173.194.163.76,10.10.0.10,,,443,40826,0,1358,17
1584694079.8000462,173.194.163.76,10.10.0.10,,,443,40826,0,1358,17
1584694079.8014758,10.10.0.10,173.194.163.76,,,40826,443,0,37,17
1584694079.8065982,173.194.163.76,10.10.0.10,,,443,40826,0,1358,17
1584694079.8131485,173.194.163.76,10.10.0.10,,,443,40826,0,1358,17
1584694079.8147259,10.10.0.10,173.194.163.76,,,40826,443,0,37,17
1584694079.81971,173.194.163.76,10.10.0.10,,,443,40826,0,1358,17
1584694079.826247,173.194.163.76,10.10.0.10,,,443,40826,0,1358,17
1584694079.8281019,10.10.0.10,173.194.163.76,,,40826,443,0,37,17
1584694079.832799,173.194.163.76,10.10.0.10,,,443,40826,0,1358,17
1584694079.83935,173.194.163.76,10.10.0.10,,,443,40826,0,1358,17
1584694079.840977,10.10.0.10,173.194.163.76,,,40826,443,0,37,17
1584694079.845901,173.194.163.76,10.10.0.10,,,443,40826,0,1358,17
1584694079.852458,173.194.163.76,10.10.0.10,,,443,40826,0,1358,17
1584694079.8543706,10.10.0.10,173.194.163.76,,,40826,443,0,37,17
1584694079.859,173.194.163.76,10.10.0.10,,,443,40826,0,1358,17
1584694079.865552,173.194.163.76,10.10.0.10,,,443,40826,0,1358,17
1584694079.86735,10.10.0.10,173.194.163.76,,,40826,443,0,37,17
1584694079.872104,173.194.163.76,10.10.0.10,,,443,40826,0,1358,17
1584694079.8786552,173.194.163.76,10.10.0.10,,,443,40826,0,1358,17
1584694079.882495,10.10.0.10,173.194.163.76,,,40826,443,0,37,17
1584694079.885207,173.194.163.76,10.10.0.10,,,443,40826,0,1358,17
1584694079.8917742,173.194.163.76,10.10.0.10,,,443,40826,0,1358,17
1584694079.893974,10.10.0.10,173.194.163.76,,,40826,443,0,37,17
1584694079.8983061,173.194.163.76,10.10.0.10,,,443,40826,0,1358,17
1584694079.904855,173.194.163.76,10.10.0.10,,,443,40826,0,1358,17
1584694079.9063482,10.10.0.10,173.194.163.76,,,40826,443,0,37,17
1584694079.911403,173.194.163.76,10.10.0.10,,,443,40826,0,1358,17
1584694079.917957,173.194.163.76,10.10.0.10,,,443,40826,0,1358,17
1584694079.9194932,10.10.0.10,173.194.163.76,,,40826,443,0,37,17
1584694079.9245212,173.194.163.76,10.10.0.10,,,443,40826,0,1358,17
1584694079.931058,173.194.163.76,10.10.0.10,,,443,40826,0,1358,17
1584694079.932598,10.10.0.10,173.194.163.76,,,40826,443,0,37,17
1584694079.937609,173.194.163.76,10.10.0.10,,,443,40826,0,1358,17
1584694079.94416,173.194.163.76,10.10.0.10,,,443,40826,0,1358,17
1584694079.945871,10.10.0.10,173.194.163.76,,,40826,443,0,37,17
1584694079.9507134,173.194.163.76,10.10.0.10,,,443,40826,0,1358,17
1584694079.95727,173.194.163.76,10.10.0.10,,,443,40826,0,1358,17
1584694079.958874,10.10.0.10,173.194.163.76,,,40826,443,0,37,17
1584694079.963813,173.194.163.76,10.10.0.10,,,443,40826,0,1358,17
1584694079.9703634,173.194.163.76,10.10.0.10,,,443,40826,0,1358,17
1584694079.972239,10.10.0.10,173.194.163.76,,,40826,443,0,50,17
1584694079.9769142,173.194.163.76,10.10.0.10,,,443,40826,0,1358,17
1584694079.983459,173.194.163.76,10.10.0.10,,,443,40826,0,1358,17
1584694079.985068,10.10.0.10,173.194.163.76,,,40826,443,0,37,17
1584694079.990011,173.194.163.76,10.10.0.10,,,443,40826,0,1358,17
1584694079.9965801,173.194.163.76,10.10.0.10,,,443,40826,0,1358,17
1584694079.998494,10.10.0.10,173.194.163.76,,,40826,443,0,37,17
1584694080.003114,173.194.163.76,10.10.0.10,,,443,40826,0,1358,17
1584694080.0096614,173.194.163.76,10.10.0.10,,,443,40826,0,1358,17
1584694080.0116909,10.10.0.10,173.194.163.76,,,40826,443,0,37,17
1584694080.016207,173.194.163.76,10.10.0.10,,,443,40826,0,1358,17
1584694080.0227652,173.194.163.76,10.10.0.10,,,443,40826,0,1358,17
1584694080.0243561,10.10.0.10,173.194.163.76,,,40826,443,0,37,17
1584694080.0293221,173.194.163.76,10.10.0.10,,,443,40826,0,1358,17
1584694080.03589,173.194.163.76,10.10.0.10,,,443,40826,0,1358,17
1584694080.0375948,10.10.0.10,173.194.163.76,,,40826,443,0,37,17
1584694080.042416,173.194.163.76,10.10.0.10,,,443,40826,0,1358,17
1584694080.0489662,173.194.163.76,10.10.0.10,,,443,40826,0,1358,17
1584694080.051593,10.10.0.10,173.194.163.76,,,40826,443,0,37,17
1584694080.0555189,173.194.163.76,10.10.0.10,,,443,40826,0,1358,17
1584694080.0620675,173.194.163.76,10.10.0.10,,,443,40826,0,1358,17
1584694080.0637171,10.10.0.10,173.194.163.76,,,40826,443,0,37,17
1584694080.0686266,173.194.163.76,10.10.0.10,,,443,40826,0,1358,17
1584694080.075175,173.194.163.76,10.10.0.10,,,443,40826,0,1358,17
1584694080.0771172,10.10.0.10,173.194.163.76,,,40826,443,0,37,17
1584694080.081721,173.194.163.76,10.10.0.10,,,443,40826,0,1358,17
1584694080.0882668,173.194.163.76,10.10.0.10,,,443,40826,0,1358,17
1584694080.0902214,10.10.0.10,173.194.163.76,,,40826,443,0,37,17
1584694080.0948188,173.194.163.76,10.10.0.10,,,443,40826,0,1358,17
1584694080.1013882,173.194.163.76,10.10.0.10,,,443,40826,0,1358,17
1584694080.1039536,10.10.0.10,173.194.163.76,,,40826,443,0,37,17
1584694080.1079268,173.194.163.76,10.10.0.10,,,443,40826,0,1358,17
1584694080.1144724,173.194.163.76,10.10.0.10,,,443,40826,0,1358,17
1584694080.1159751,10.10.0.10,173.194.163.76,,,40826,443,0,37,17
1584694080.121021,173.194.163.76,10.10.0.10,,,443,40826,0,1358,17
1584694080.1275704,173.194.163.76,10.10.0.10,,,443,40826,0,1358,17
1584694080.129074,10.10.0.10,173.194.163.76,,,40826,443,0,37,17
1584694080.1341221,173.194.163.76,10.10.0.10,,,443,40826,0,1358,17
1584694080.1406796,173.194.163.76,10.10.0.10,,,443,40826,0,1358,17
1584694080.142201,10.10.0.10,173.194.163.76,,,40826,443,0,37,17
1584694080.147222,173.194.163.76,10.10.0.10,,,443,40826,0,1358,17
1584694080.153772,173.194.163.76,10.10.0.10,,,443,40826,0,1358,17
1584694080.1554651,10.10.0.10,173.194.163.76,,,40826,443,0,37,17
1584694080.1603231,173.194.163.76,10.10.0.10,,,443,40826,0,1358,17
1584694080.166876,173.194.163.76,10.10.0.10,,,443,40826,0,1358,17
1584694080.168463,10.10.0.10,173.194.163.76,,,40826,443,0,37,17
1584694080.173425,173.194.163.76,10.10.0.10,,,443,40826,0,1358,17
1584694080.179974,173.194.163.76,10.10.0.10,,,443,40826,0,1358,17
1584694080.181592,10.10.0.10,173.194.163.76,,,40826,443,0,37,17
1584694080.186525,173.194.163.76,10.10.0.10,,,443,40826,0,1358,17
1584694080.193074,173.194.163.76,10.10.0.10,,,443,40826,0,1358,17
1584694080.194736,10.10.0.10,173.194.163.76,,,40826,443,0,37,17
1584694080.199626,173.194.163.76,10.10.0.10,,,443,40826,0,1358,17
1584694080.206198,173.194.163.76,10.10.0.10,,,443,40826,0,1358,17
1584694080.2078428,10.10.0.10,173.194.163.76,,,40826,443,0,37,17
1584694080.2127314,173.194.163.76,10.10.0.10,,,443,40826,0,1358,17
1584694080.219288,173.194.163.76,10.10.0.10,,,443,40826,0,1358,17
1584694080.2209651,10.10.0.10,173.194.163.76,,,40826,443,0,37,17
1584694080.225834,173.194.163.76,10.10.0.10,,,443,40826,0,1358,17
1584694080.232381,173.194.163.76,10.10.0.10,,,443,40826,0,1358,17
1584694080.233957,10.10.0.10,173.194.163.76,,,40826,443,0,50,17
1584694080.238931,173.194.163.76,10.10.0.10,,,443,40826,0,1047,17
1584694080.2440221,173.194.163.76,10.10.0.10,,,443,40826,0,29,17
1584694080.2846088,10.10.0.10,173.194.163.76,,,40826,443,0,37,17
1584694081.011321,10.10.0.10,173.194.163.76,,,40826,443,0,723,17
1584694081.012667,10.10.0.10,173.194.163.76,,,40826,443,0,48,17
1584694081.016954,173.194.163.76,10.10.0.10,,,443,40826,0,29,17
1584694081.0169892,173.194.163.76,10.10.0.10,,,443,40826,0,108,17
1584694081.0170062,173.194.163.76,10.10.0.10,,,443,40826,0,1358,17
1584694081.017025,173.194.163.76,10.10.0.10,,,443,40826,0,1358,17
1584694081.019186,10.10.0.10,173.194.163.76,,,40826,443,0,37,17
1584694081.023491,173.194.163.76,10.10.0.10,,,443,40826,0,1358,17
1584694081.025059,10.10.0.10,173.194.163.76,,,40826,443,0,37,17
1584694081.0300488,173.194.163.76,10.10.0.10,,,443,40826,0,1358,17
1584694081.0365958,173.194.163.76,10.10.0.10,,,443,40826,0,1358,17
1584694081.039222,10.10.0.10,173.194.163.76,,,40826,443,0,37,17
1584694081.043157,173.194.163.76,10.10.0.10,,,443,40826,0,1358,17
1584694081.0497026,173.194.163.76,10.10.0.10,,,443,40826,0,1358,17
1584694081.0512838,10.10.0.10,173.194.163.76,,,40826,443,0,37,17
1584694081.056248,173.194.163.76,10.10.0.10,,,443,40826,0,1358,17
1584694081.062798,173.194.163.76,10.10.0.10,,,443,40826,0,1358,17
1584694081.064438,10.10.0.10,173.194.163.76,,,40826,443,0,37,17
1584694081.0693538,173.194.163.76,10.10.0.10,,,443,40826,0,1358,17
1584694081.075901,173.194.163.76,10.10.0.10,,,443,40826,0,1358,17
1584694081.078049,10.10.0.10,173.194.163.76,,,40826,443,0,37,17
1584694081.082457,173.194.163.76,10.10.0.10,,,443,40826,0,1358,17
1584694081.0890045,173.194.163.76,10.10.0.10,,,443,40826,0,1358,17
1584694081.090672,10.10.0.10,173.194.163.76,,,40826,443,0,37,17
1584694081.095553,173.194.163.76,10.10.0.10,,,443,40826,0,1358,17
1584694081.1021068,173.194.163.76,10.10.0.10,,,443,40826,0,1358,17
1584694081.103983,10.10.0.10,173.194.163.76,,,40826,443,0,37,17
1584694081.108655,173.194.163.76,10.10.0.10,,,443,40826,0,1358,17
1584694081.1152108,173.194.163.76,10.10.0.10,,,443,40826,0,1358,17
1584694081.11696,10.10.0.10,173.194.163.76,,,40826,443,0,37,17
1584694081.1217554,173.194.163.76,10.10.0.10,,,443,40826,0,1358,17
1584694081.1283062,173.194.163.76,10.10.0.10,,,443,40826,0,1358,17
1584694081.129792,10.10.0.10,173.194.163.76,,,40826,443,0,37,17
1584694081.1348588,173.194.163.76,10.10.0.10,,,443,40826,0,1358,17
1584694081.141423,173.194.163.76,10.10.0.10,,,443,40826,0,1358,17
1584694081.1446931,10.10.0.10,173.194.163.76,,,40826,443,0,37,17
1584694081.1479642,173.194.163.76,10.10.0.10,,,443,40826,0,1358,17
1584694081.1545155,173.194.163.76,10.10.0.10,,,443,40826,0,1358,17
1584694081.1560712,10.10.0.10,173.194.163.76,,,40826,443,0,37,17
1584694081.1610649,173.194.163.76,10.10.0.10,,,443,40826,0,1358,17
1584694081.167609,173.194.163.76,10.10.0.10,,,443,40826,0,1358,17
1584694081.169163,10.10.0.10,173.194.163.76,,,40826,443,0,37,17
1584694081.174158,173.194.163.76,10.10.0.10,,,443,40826,0,1358,17
1584694081.1807332,173.194.163.76,10.10.0.10,,,443,40826,0,1358,17
1584694081.1845431,10.10.0.10,173.194.163.76,,,40826,443,0,37,17
1584694081.187266,173.194.163.76,10.10.0.10,,,443,40826,0,1358,17
1584694081.1938188,173.194.163.76,10.10.0.10,,,443,40826,0,1358,17
1584694081.195837,10.10.0.10,173.194.163.76,,,40826,443,0,37,17
1584694081.200362,173.194.163.76,10.10.0.10,,,443,40826,0,1358,17
1584694081.2069151,173.194.163.76,10.10.0.10,,,443,40826,0,1358,17
1584694081.2086642,10.10.0.10,173.194.163.76,,,40826,443,0,37,17
1584694081.2134712,173.194.163.76,10.10.0.10,,,443,40826,0,1358,17
1584694081.2200134,173.194.163.76,10.10.0.10,,,443,40826,0,1004,17
1584694081.2214348,10.10.0.10,173.194.163.76,,,40826,443,0,37,17
1584694096.098289,10.10.0.10,173.194.163.76,,,40826,443,0,31,17
1584694096.103683,173.194.163.76,10.10.0.10,,,443,40826,0,29,17
